<?xml version="1.0"?>
<opencv_storage>
<calibration_Time>"Tue 08 Jan 2019 02:45:27 PM -05"</calibration_Time>
<nrOfFrames>25</nrOfFrames>
<image_Width>1280</image_Width>
<image_Height>720</image_Height>
<board_Width>4</board_Width>
<board_Height>11</board_Height>
<square_Size>50.</square_Size>
<FixAspectRatio>1.</FixAspectRatio>
<!-- flags:  +fix_aspectRatio +fix_principal_point +zero_tangent_dist -->
<flagValue>14</flagValue>
<Camera_Matrix type_id="opencv-matrix">
  <rows>3</rows>
  <cols>3</cols>
  <dt>d</dt>
  <data>
    9.7633821744966315e+02 0. 640. 0. 9.7633821744966315e+02 360. 0. 0.
    1.</data></Camera_Matrix>
<Distortion_Coefficients type_id="opencv-matrix">
  <rows>5</rows>
  <cols>1</cols>
  <dt>d</dt>
  <data>
    -2.7377368077292064e-02 3.7573781154196545e-02 0. 0.
    -6.3417177434826860e-02</data></Distortion_Coefficients>
<Avg_Reprojection_Error>2.7549487993365934e-01</Avg_Reprojection_Error>
<Per_View_Reprojection_Errors type_id="opencv-matrix">
  <rows>25</rows>
  <cols>1</cols>
  <dt>f</dt>
  <data>
    1.46034956e-01 1.13576762e-01 1.27756298e-01 1.67538986e-01
    1.63255751e-01 1.83927640e-01 1.86253116e-01 2.38578141e-01
    2.34735489e-01 2.79380262e-01 3.18798244e-01 3.06206822e-01
    3.30432177e-01 3.90454888e-01 3.98831636e-01 3.68657678e-01
    3.58597308e-01 3.54147345e-01 3.28920126e-01 3.34930480e-01
    3.08082581e-01 2.86772877e-01 2.50223309e-01 2.07827240e-01
    1.55646965e-01</data></Per_View_Reprojection_Errors>
<!-- a set of 6-tuples (rotation vector + translation vector) for each view -->
<Extrinsic_Parameters type_id="opencv-matrix">
  <rows>25</rows>
  <cols>6</cols>
  <dt>d</dt>
  <data>
    2.4060637622170458e-01 2.8363628470210023e-01 1.7336529682334447e+00
    4.5566412921667148e+02 -2.2339346629043501e+02
    2.1439638159294504e+03 2.7655287475374146e-01 1.6913512274694242e-01
    1.7412798734457005e+00 4.0777124746178083e+02
    -2.4859553711165796e+02 2.1352273952659457e+03
    3.1126740120711394e-01 2.3778355843064335e-02 1.7383782265687659e+00
    3.4970312456695575e+02 -2.8355674481266692e+02
    2.1210646720362643e+03 3.3635167103435976e-01
    -1.0625851730788359e-01 1.7366603177271052e+00
    2.8953792797268619e+02 -3.1567482622346591e+02
    2.0933633320078625e+03 3.3151805074292945e-01
    -2.2163370582893893e-01 1.7376673445399495e+00
    2.3178503144163432e+02 -3.4047417394900259e+02
    2.0631099436219092e+03 2.9945725688361796e-01
    -3.4256847532547435e-01 1.7386372770598937e+00
    1.8120482606815193e+02 -3.5455883780931879e+02
    2.0302797013261315e+03 2.6523965082603318e-01
    -4.7114632888574465e-01 1.7280430492997276e+00
    1.4147492199733335e+02 -3.5797610365512162e+02
    1.9955540736240728e+03 2.1571842237077898e-01
    -5.7538934401437114e-01 1.7031070860216169e+00
    1.0831820443983628e+02 -3.5643093379660365e+02
    1.9712141060522567e+03 1.5317600255985747e-01
    -6.4532934481003013e-01 1.6711222681137432e+00
    7.4998343887198232e+01 -3.5775795957938345e+02
    1.9557364440876868e+03 1.0085682999097585e-01
    -7.1295930311346711e-01 1.6334077196388470e+00
    3.5587653988504151e+01 -3.6030859107826524e+02
    1.9374507714647009e+03 4.9814465588688732e-02
    -7.6137964223622112e-01 1.5798829425701804e+00
    -8.6543934271459229e+00 -3.7072493308418825e+02
    1.9214523607986143e+03 -3.0015043718877463e-02
    -7.5743719456063130e-01 1.5149465315116741e+00
    -5.4332207933111135e+01 -3.8912707096269912e+02
    1.9200796135982412e+03 -9.1505437733015546e-02
    -7.7954368536605956e-01 1.4530098832861726e+00
    -9.9568455323390154e+01 -4.0137655739769087e+02
    1.9197265756726817e+03 -1.5648832531287968e-01
    -7.8473722907042986e-01 1.4132424693335577e+00
    -1.5432435350038958e+02 -4.1246054082229085e+02
    1.9163929838860713e+03 -2.4349344033185064e-01
    -7.5743127766898077e-01 1.3867329447989678e+00
    -2.2153358562607312e+02 -4.2691057191772285e+02
    1.9249966319484402e+03 -3.3653446396486653e-01
    -7.2125377037672722e-01 1.3591011544189360e+00
    -2.8773462547715917e+02 -4.4391625207676321e+02
    1.9407092465066503e+03 -4.0064452424104807e-01
    -7.1439670171253711e-01 1.3391212485727915e+00
    -3.4002097191355631e+02 -4.5132639881477257e+02
    1.9520026123907569e+03 -4.4055688275097221e-01
    -7.0583041325269658e-01 1.3234552341959811e+00
    -3.8142794756675715e+02 -4.5048412305010334e+02
    1.9598787382411385e+03 -4.6459751289452544e-01
    -6.8517313339435915e-01 1.3034495917499254e+00
    -4.1961513484168722e+02 -4.5120546958291192e+02
    1.9697010719739742e+03 -4.9764958248258678e-01
    -6.6146415018731464e-01 1.2795135632478778e+00
    -4.6591564044578610e+02 -4.5629100850075298e+02
    1.9870641120207638e+03 -5.3897843928111222e-01
    -6.3617431439911765e-01 1.2559308896245291e+00
    -5.1925533841950619e+02 -4.5963250438443146e+02
    2.0056264375320952e+03 -5.8071252764801429e-01
    -5.8446590237338936e-01 1.2394272508446520e+00
    -5.7179742272119552e+02 -4.5938965267405160e+02
    2.0274375892821533e+03 -6.1190098312458341e-01
    -5.0302240129190445e-01 1.2278138742590194e+00
    -6.1001522105431604e+02 -4.6274292041205632e+02
    2.0520289611662070e+03 -6.1132289827840147e-01
    -4.2028505702312330e-01 1.2353859539714975e+00
    -6.2146147826107540e+02 -4.7362803629832166e+02
    2.0800239712009957e+03 -5.9265631740329716e-01
    -3.1890664789618373e-01 1.2571397121795476e+00
    -6.0861143467172678e+02 -4.9253215415414041e+02
    2.1200106535630166e+03</data></Extrinsic_Parameters>
