<?xml version="1.0"?>
<opencv_storage>
<calibration_Time>"Tue 08 Jan 2019 02:28:34 PM -05"</calibration_Time>
<nrOfFrames>25</nrOfFrames>
<image_Width>1280</image_Width>
<image_Height>720</image_Height>
<board_Width>9</board_Width>
<board_Height>7</board_Height>
<square_Size>50.</square_Size>
<FixAspectRatio>1.</FixAspectRatio>
<!-- flags:  +fix_aspectRatio +fix_principal_point +zero_tangent_dist -->
<flagValue>14</flagValue>
<Camera_Matrix type_id="opencv-matrix">
  <rows>3</rows>
  <cols>3</cols>
  <dt>d</dt>
  <data>
    2.4103169800332191e+04 0. 640. 0. 2.4103169800332191e+04 360. 0. 0.
    1.</data></Camera_Matrix>
<Distortion_Coefficients type_id="opencv-matrix">
  <rows>5</rows>
  <cols>1</cols>
  <dt>d</dt>
  <data>
    -4.7399629922672652e+01 2.1281235076820081e+04 0. 0.
    1.9999101786451974e+04</data></Distortion_Coefficients>
<Avg_Reprojection_Error>6.8744529770968243e-01</Avg_Reprojection_Error>
<Per_View_Reprojection_Errors type_id="opencv-matrix">
  <rows>25</rows>
  <cols>1</cols>
  <dt>f</dt>
  <data>
    1.13961935e+00 9.54581201e-01 8.72089624e-01 8.05823088e-01
    7.42258608e-01 6.07432723e-01 6.83994532e-01 6.10992074e-01
    6.25054598e-01 7.12620676e-01 6.99779153e-01 6.69362426e-01
    5.71488798e-01 5.26803195e-01 4.41169113e-01 4.28304911e-01
    5.19071698e-01 5.26118934e-01 5.81751704e-01 5.86237013e-01
    5.92158973e-01 6.37231767e-01 7.13539600e-01 7.31004477e-01
    7.65879869e-01</data></Per_View_Reprojection_Errors>
<!-- a set of 6-tuples (rotation vector + translation vector) for each view -->
<Extrinsic_Parameters type_id="opencv-matrix">
  <rows>25</rows>
  <cols>6</cols>
  <dt>d</dt>
  <data>
    -3.6077971045184243e-01 -2.6150584454778972e-02
    -5.3639392300400589e-03 -1.3518394897935460e+02
    -1.5630460648807571e+02 1.6739378936683668e+04
    -3.6242645591833894e-01 -2.3659154243436686e-02
    -5.4459030085344052e-03 -1.2456635193469283e+02
    -1.6103692795369577e+02 1.6700460677119314e+04
    -3.5904897146840609e-01 -1.7886622471429130e-02
    -1.3038411066227122e-03 -1.1492302714228717e+02
    -1.6627793561448217e+02 1.6683361506430560e+04
    -3.5128301662112849e-01 -1.4586904680246402e-02
    1.8233956897422297e-03 -1.0511337771992945e+02
    -1.6923655649785357e+02 1.6664160367979865e+04
    -3.4454996500002638e-01 -2.5333389592133593e-02
    -9.4447508259213058e-04 -9.7614922468673214e+01
    -1.6937002465849648e+02 1.6644397840377438e+04
    -3.4628396537517858e-01 -1.0789432892761842e-02
    6.1869890803584017e-03 -8.3320632415194311e+01
    -1.6366789742552996e+02 1.6623248589148461e+04
    -3.6871647141664876e-01 -1.8478345423438711e-02
    9.6053966891446671e-03 -7.5118012768526555e+01
    -1.6705017220599458e+02 1.6581396449187650e+04
    -3.5326606465965849e-01 -1.6374678616072266e-02
    1.4608563297250856e-02 -5.7914487622065430e+01
    -1.7665632437664229e+02 1.6528527156342727e+04
    -3.5758176300381989e-01 -1.0514390025986973e-02
    1.3701254925062302e-02 -4.6996398304404330e+01
    -1.8197177783653342e+02 1.6478249068515190e+04
    -3.5584145378621990e-01 2.0459016293038310e-03
    1.2043401088668462e-02 -3.9735965807279847e+01
    -1.9116576047691740e+02 1.6517791533568547e+04
    -3.5287133567196416e-01 5.1530226521033845e-03
    1.1368727595219679e-02 -3.9463810559271508e+01
    -1.9787905210564435e+02 1.6503995584750824e+04
    -3.5075786181704260e-01 3.1976973235749518e-03
    7.6777937581058468e-03 -3.9200369708476948e+01
    -2.0165109979929275e+02 1.6500596811305630e+04
    -3.4496086526218439e-01 3.4543249103004882e-04
    2.5154394343695303e-03 -3.5511666900082908e+01
    -2.0019060336039155e+02 1.6500854148741379e+04
    -3.4829770205340355e-01 -5.0484866150887720e-04
    -6.6159568789261438e-03 -3.1765846174195229e+01
    -1.9603978276928495e+02 1.6500831907638025e+04
    -4.3655808697579818e-03 5.4260528558328569e-01
    3.0740315519134604e+00 3.8223472736200102e+02 8.4235999232302731e+01
    1.6372877196954381e+04 -1.7054497755336007e-02
    5.5227676305494688e-01 3.0661227687455419e+00 3.9189781006561373e+02
    8.4557864143106826e+01 1.6334566169357144e+04
    -1.9373991429384854e-02 5.5896896436869214e-01
    3.0609149157334437e+00 4.0104030965289439e+02 8.4175912736930428e+01
    1.6302373064183761e+04 2.7462924698940759e-03 5.6373941738588118e-01
    3.0616911027623357e+00 4.0940251251515429e+02 8.3986235291713044e+01
    1.6256682328382960e+04 3.9993481244415992e-03 5.7168686812957437e-01
    3.0591664684405004e+00 4.1410460076027704e+02 8.2507200747609019e+01
    1.6229391175632703e+04 8.6872782382425295e-03 5.7544143727432295e-01
    3.0587666779952585e+00 4.1658425263279344e+02 8.1054127064354304e+01
    1.6208209932748006e+04 2.4669630766371090e-02 5.7157411626490973e-01
    3.0623165858228294e+00 4.1761034775880330e+02 7.8471984271146681e+01
    1.6188680703772949e+04 -3.7847362985929106e-01
    1.8916988068426677e-02 -2.0069592242313139e-02
    1.5561714897003739e+01 -1.9862304051634035e+02
    1.6283180735992966e+04 -3.6663699092051893e-01
    2.7619186880038168e-02 -1.5271756465091468e-02
    1.6622533974728476e+01 -2.1110879729682486e+02
    1.6281643192666063e+04 -3.6097081951620102e-01
    2.6655125236493615e-02 -1.3381023786348620e-02
    1.6864801032978253e+01 -2.1709771553065093e+02
    1.6271891108210148e+04 -3.5015820574776207e-01
    2.9142181239987880e-02 -1.1057368899349275e-02
    1.6486241039830158e+01 -2.2147602440088701e+02
    1.6276480619191670e+04</data></Extrinsic_Parameters>
