<?xml version="1.0"?>
<opencv_storage>
<calibration_Time>"Thu 10 Jan 2019 04:55:00 PM -05"</calibration_Time>
<nrOfFrames>30</nrOfFrames>
<image_Width>640</image_Width>
<image_Height>360</image_Height>
<board_Width>4</board_Width>
<board_Height>11</board_Height>
<square_Size>38.</square_Size>
<flagValue>0</flagValue>
<Camera_Matrix type_id="opencv-matrix">
  <rows>3</rows>
  <cols>3</cols>
  <dt>d</dt>
  <data>
    5.0374874342495048e+02 0. 3.4229904523685974e+02 0.
    5.0148660016546114e+02 1.7203806261486181e+02 0. 0. 1.</data></Camera_Matrix>
<Distortion_Coefficients type_id="opencv-matrix">
  <rows>5</rows>
  <cols>1</cols>
  <dt>d</dt>
  <data>
    -3.5241626978860463e-02 -2.3022575762776279e-03
    7.0534344462773726e-03 1.7066060805286550e-02 2.4428069640792666e-01</data></Distortion_Coefficients>
<Avg_Reprojection_Error>3.2084751067597822e-01</Avg_Reprojection_Error>
<Per_View_Reprojection_Errors type_id="opencv-matrix">
  <rows>30</rows>
  <cols>1</cols>
  <dt>f</dt>
  <data>
    6.00000083e-01 6.05132520e-01 4.12588209e-01 2.51399785e-01
    2.62906581e-01 2.94529319e-01 3.02849829e-01 2.54060477e-01
    1.95883736e-01 2.38925740e-01 3.50034297e-01 4.20715779e-01
    4.38796550e-01 4.07679498e-01 3.38400126e-01 3.20449054e-01
    3.18238437e-01 3.27391446e-01 3.04235160e-01 2.65100092e-01
    2.30133012e-01 1.70041502e-01 1.43549755e-01 1.97817162e-01
    2.20717892e-01 2.37790465e-01 2.63925642e-01 2.58616805e-01
    2.06258595e-01 2.19914153e-01</data></Per_View_Reprojection_Errors>
<!-- a set of 6-tuples (rotation vector + translation vector) for each view -->
<Extrinsic_Parameters type_id="opencv-matrix">
  <rows>30</rows>
  <cols>6</cols>
  <dt>d</dt>
  <data>
    -4.8077635574193388e-02 6.1055764332130141e-02
    1.8338094560913474e+00 9.7760387057479136e+01
    -1.5972417136258824e+02 9.9852911840130594e+02
    -1.1566698575084781e-01 -1.0673455220022236e-01
    1.7855861140358400e+00 3.9476021134339355e+01
    -1.5083925046223970e+02 1.0085429236938337e+03
    -1.8150414076843757e-01 -1.8836311106871265e-01
    1.7272275502600805e+00 2.5509075414342313e+00
    -1.4373433500141823e+02 1.0151216447821085e+03
    -2.5576767203024081e-01 -2.1224457481508788e-01
    1.6505104657141687e+00 -3.1627096222724411e+01
    -1.3831410257870513e+02 1.0206839712092448e+03
    -3.3423539482087816e-01 -1.8657528295614956e-01
    1.5657180635244101e+00 -5.9045195705126034e+01
    -1.3380143019606052e+02 1.0284103567689037e+03
    -4.1607682328538703e-01 -1.3704764019488844e-01
    1.4658861230914109e+00 -8.1222099514564960e+01
    -1.2927822091134504e+02 1.0392713438103881e+03
    -4.8102692683508030e-01 -7.5076572037454534e-02
    1.3634231880308492e+00 -9.3960833097097975e+01
    -1.2550666662287762e+02 1.0514962847913769e+03
    -5.1234167271693187e-01 -6.5750361028931769e-03
    1.2726981129768773e+00 -9.2585027534176902e+01
    -1.2352100905755134e+02 1.0634394267997511e+03
    -4.8735140338597721e-01 5.2180777121358303e-02
    1.2191056518806596e+00 -7.2055746127160887e+01
    -1.2408414417517845e+02 1.0679362673216399e+03
    -4.1544434464803981e-01 9.5340093520866906e-02
    1.2071415004181953e+00 -3.7548164131503782e+01
    -1.2743190180798429e+02 1.0632540334305168e+03
    -3.1624642805908804e-01 1.2983013340810540e-01
    1.2288038288915895e+00 1.8904869566793796e+00
    -1.3204011117407660e+02 1.0515180793902389e+03
    -2.0498998939056193e-01 1.6448289999119897e-01
    1.2769988325997061e+00 4.2181647749868596e+01
    -1.3453544478078979e+02 1.0343938838212382e+03
    -8.1717361761480492e-02 1.9908286107457090e-01
    1.3363921903595768e+00 8.0994411787828753e+01
    -1.3252783512639613e+02 1.0110446558313611e+03
    3.5377945189703927e-02 2.4141804184145998e-01 1.3948105891010838e+00
    1.1559244639356301e+02 -1.2563169383424921e+02
    9.8412398906365149e+02 1.2174239769320665e-01 2.8705368667793291e-01
    1.4493460493306687e+00 1.4407880770391679e+02
    -1.1478488055413385e+02 9.6226080231084484e+02
    1.8056535678074637e-01 3.2358654956084776e-01 1.5096526938954926e+00
    1.6665093626825552e+02 -1.0039289257243085e+02
    9.4498833771094041e+02 2.0782864738372950e-01 3.4229730018602367e-01
    1.5785372790362033e+00 1.8160413592868741e+02
    -8.4419163375748582e+01 9.3410971538613182e+02
    2.2754813353342682e-01 3.1554638204977620e-01 1.6559033414729871e+00
    1.9045888818441978e+02 -6.8480472279980631e+01
    9.2844516474466081e+02 2.4751885040388497e-01 2.5694879058546821e-01
    1.7284614126507973e+00 1.9351860890452079e+02
    -5.4192627096011222e+01 9.2223076317555751e+02
    2.4773862767157628e-01 1.7736073464218302e-01 1.7888176142225929e+00
    1.9324909964476220e+02 -4.0278131126563792e+01
    9.1887905004381855e+02 2.0860390116782879e-01 8.8053833920229405e-02
    1.8250202638800457e+00 1.9120735664396238e+02
    -3.0662399069070656e+01 9.2138643422971131e+02
    9.4097572128850254e-02 -2.8552201286298484e-02
    1.8382079738154347e+00 1.8879885824796955e+02
    -2.6919681879507408e+01 9.3259788760133040e+02
    -7.3333983180745360e-03 -8.4615178250836656e-02
    1.8167145125449775e+00 1.8834016907103145e+02
    -3.1162263404014073e+01 9.4388684200242335e+02
    -1.1532204449032613e-01 -1.1181168507473228e-01
    1.7751693489551499e+00 1.8958186493292854e+02
    -4.0849668783447001e+01 9.5636342237645283e+02
    -2.2092711055472680e-01 -1.2973029614470485e-01
    1.7136295285650449e+00 1.9060919163093030e+02
    -5.2707206880999941e+01 9.6710450130433742e+02
    -3.2451922255083243e-01 -1.2661155096529966e-01
    1.6392958314337820e+00 1.9131398231324280e+02
    -6.3676698994786399e+01 9.7646395557137737e+02
    -4.1193499353358543e-01 -1.1171267686424044e-01
    1.5582377487073173e+00 1.9225097542326526e+02
    -7.2950763506180394e+01 9.8292580529503061e+02
    -4.9144936144415363e-01 -7.6342214580629009e-02
    1.4741219771971685e+00 1.9313474108482700e+02
    -8.0172062203695475e+01 9.8704540110091602e+02
    -5.4427113824097195e-01 -1.1851319550185889e-02
    1.4109039698246673e+00 1.9912291049738474e+02
    -8.4600165416251812e+01 9.8890513007148002e+02
    -5.6321919752465133e-01 7.4030927947122668e-02
    1.3818252314135897e+00 2.1477082411040669e+02
    -8.8425879784373848e+01 9.8509428336938061e+02</data></Extrinsic_Parameters>
