<?xml version="1.0"?>
<opencv_storage>
<calibration_Time>"Thu 10 Jan 2019 01:18:02 PM -05"</calibration_Time>
<nrOfFrames>30</nrOfFrames>
<image_Width>640</image_Width>
<image_Height>360</image_Height>
<board_Width>4</board_Width>
<board_Height>11</board_Height>
<square_Size>38.</square_Size>
<FixAspectRatio>1.</FixAspectRatio>
<!-- flags:  +fix_aspectRatio +fix_principal_point +zero_tangent_dist -->
<flagValue>14</flagValue>
<Camera_Matrix type_id="opencv-matrix">
  <rows>3</rows>
  <cols>3</cols>
  <dt>d</dt>
  <data>
    4.7968917389077296e+02 0. 320. 0. 4.7968917389077296e+02 180. 0. 0.
    1.</data></Camera_Matrix>
<Distortion_Coefficients type_id="opencv-matrix">
  <rows>5</rows>
  <cols>1</cols>
  <dt>d</dt>
  <data>
    -3.3874940276027984e-02 2.7091188389275006e-01 0. 0.
    -8.2764875634243706e-01</data></Distortion_Coefficients>
<Avg_Reprojection_Error>2.7934688913817796e-01</Avg_Reprojection_Error>
<Per_View_Reprojection_Errors type_id="opencv-matrix">
  <rows>30</rows>
  <cols>1</cols>
  <dt>f</dt>
  <data>
    3.75409156e-01 4.22340393e-01 4.32343364e-01 3.84457022e-01
    3.53321224e-01 3.10372144e-01 2.66100466e-01 2.35924527e-01
    1.92838162e-01 1.44868165e-01 1.30227730e-01 1.58208743e-01
    2.05767184e-01 2.39941701e-01 2.70950615e-01 3.07853103e-01
    3.40747237e-01 3.06239992e-01 2.68130273e-01 2.54710436e-01
    2.22893506e-01 1.86077863e-01 1.78384855e-01 2.04405263e-01
    2.22037077e-01 2.28678972e-01 2.76288211e-01 3.51012379e-01
    2.54550785e-01 3.17178845e-01</data></Per_View_Reprojection_Errors>
<!-- a set of 6-tuples (rotation vector + translation vector) for each view -->
<Extrinsic_Parameters type_id="opencv-matrix">
  <rows>30</rows>
  <cols>6</cols>
  <dt>d</dt>
  <data>
    -1.6446314803482187e-01 2.0102777257388713e-01
    1.2817516673656015e+00 8.8102353222672562e+01
    -1.5063851139880330e+02 9.8410247469491446e+02
    -4.8928657101555188e-02 2.3322654840161780e-01
    1.3393050260485526e+00 1.2593402134051476e+02
    -1.4819238249739965e+02 9.6076182583648585e+02
    6.6080502609279862e-02 2.6965404437645890e-01 1.3967290963845831e+00
    1.5959578142715912e+02 -1.4096295173483222e+02
    9.3408111077056651e+02 1.5524458830346910e-01 3.0993803682455623e-01
    1.4505995017630902e+00 1.8726332215577170e+02
    -1.2980795412032211e+02 9.1163060894250145e+02
    2.1752668480216539e-01 3.4308295991744880e-01 1.5103074380370776e+00
    2.0909564276484139e+02 -1.1514179798063685e+02
    8.9357565143978229e+02 2.4733121085839835e-01 3.5980472432160615e-01
    1.5789097419412079e+00 2.2354875579207442e+02
    -9.8999572812411714e+01 8.8214607841610234e+02
    2.6866836145326461e-01 3.3214043910931640e-01 1.6555990631294939e+00
    2.3213833424389583e+02 -8.3006198536975674e+01
    8.7605997532440313e+02 2.8950019085833834e-01 2.7377383376973263e-01
    1.7270468489947302e+00 2.3490010916099519e+02
    -6.8686269059752988e+01 8.6977892349184299e+02
    2.8986905477581415e-01 1.9610697141304978e-01 1.7862620009069778e+00
    2.3440873346238519e+02 -5.4830738385423125e+01
    8.6648166221098802e+02 2.4973115412667732e-01 1.1144789957842467e-01
    1.8218452886546470e+00 2.3235558323115086e+02
    -4.5391855412813740e+01 8.6918022842942503e+02
    1.7794239293801997e-01 3.7119005694417707e-02 1.8360740484163522e+00
    2.3038371661288156e+02 -4.1672736353767945e+01
    8.7609641384162569e+02 8.2949841865471136e-02
    -1.9215039511713404e-02 1.8281261915341342e+00
    2.3011265054785270e+02 -4.3369530831831774e+01
    8.8626763985505704e+02 -2.3132458654780887e-02
    -5.3698691225889043e-02 1.7968101357395487e+00
    2.3093512260664875e+02 -5.0717560926679504e+01
    8.9888050888717271e+02 -1.2650090671322514e-01
    -7.7423025309950391e-02 1.7469909726056736e+00
    2.3316740404035534e+02 -6.1623589869618883e+01
    9.1050901618023784e+02 -2.2862513585007882e-01
    -9.0414727355809466e-02 1.6795309556730997e+00
    2.3406404463579386e+02 -7.3431719539290484e+01
    9.2052803176206567e+02 -3.2420539929055914e-01
    -8.4620404368719399e-02 1.6048912905452519e+00
    2.3601835297327619e+02 -8.3210778267484201e+01
    9.2788172926424204e+02 -4.1090784700593602e-01
    -6.0242936775380333e-02 1.5226772303405938e+00
    2.3657616480319084e+02 -9.2117471152174019e+01
    9.3380250898607812e+02 -4.7972684026092893e-01
    -1.0806077571782738e-02 1.4467351886828261e+00
    2.3939232364749319e+02 -9.7618450201453996e+01
    9.3695962596958009e+02 -5.1968856846692002e-01
    6.5530434451592665e-02 1.4028444039715133e+00 2.4991572626635843e+02
    -1.0124052716045769e+02 9.3556510349539576e+02
    -5.2050846409871099e-01 1.5414224152716824e-01
    1.3884312744419502e+00 2.6848203637831688e+02
    -1.0577016405701571e+02 9.2895707467334114e+02
    -4.9706299105487006e-01 2.4909488708805724e-01
    1.3877659132472004e+00 2.8780953061664974e+02
    -1.1171707629516230e+02 9.1985204533466617e+02
    -4.5158207826650426e-01 3.2726880688160137e-01
    1.4002393738440233e+00 3.0353761711998584e+02
    -1.1822403207248831e+02 9.0610205374414647e+02
    -3.8869043527726399e-01 3.7677074413689754e-01
    1.4243227829914915e+00 3.1548762896111970e+02
    -1.2479296020286088e+02 8.8656365164481633e+02
    -2.9527761907034206e-01 3.8292577878627559e-01
    1.4724636698594786e+00 3.2551562766118008e+02
    -1.3212340097006719e+02 8.5933252903524601e+02
    -1.6118632239693392e-01 3.2520318784443109e-01
    1.5316852239231771e+00 3.3001708446408816e+02
    -1.3967968104581317e+02 8.2344194866117300e+02
    -2.6420649286317609e-02 2.4603943901938882e-01
    1.5810719961133639e+00 3.2755643271295770e+02
    -1.4169457704007831e+02 7.8694034323005758e+02
    8.6826919681780523e-02 1.5331062888119315e-01 1.6073454786102412e+00
    3.1789527799972331e+02 -1.3805205464827716e+02
    7.5328656285376042e+02 1.6677971102480996e-01 5.6940761084069737e-02
    1.6125353306552064e+00 3.0635593986411970e+02
    -1.2673178129047380e+02 7.2476884415131724e+02
    2.4494066240595383e-01 -5.2414774981301870e-02
    1.5903677778282186e+00 2.9499221897668184e+02
    -1.1157905804362417e+02 6.9944260650780564e+02
    2.8215820192242541e-01 -1.5636626447004720e-01
    1.5471507503699027e+00 2.8659551980926130e+02
    -9.6805068962183014e+01 6.8330886631067972e+02</data></Extrinsic_Parameters>
