<?xml version="1.0"?>
<opencv_storage>
<calibration_Time>"Thu 10 Jan 2019 03:44:08 PM -05"</calibration_Time>
<nrOfFrames>30</nrOfFrames>
<image_Width>640</image_Width>
<image_Height>360</image_Height>
<board_Width>6</board_Width>
<board_Height>8</board_Height>
<square_Size>27.</square_Size>
<flagValue>0</flagValue>
<Camera_Matrix type_id="opencv-matrix">
  <rows>3</rows>
  <cols>3</cols>
  <dt>d</dt>
  <data>
    5.1457977949006442e+02 0. 3.3517687109576264e+02 0.
    5.1489739833713440e+02 1.8147822624121542e+02 0. 0. 1.</data></Camera_Matrix>
<Distortion_Coefficients type_id="opencv-matrix">
  <rows>5</rows>
  <cols>1</cols>
  <dt>d</dt>
  <data>
    5.3783038917850266e-02 -1.6724685895743924e-01
    6.8358385929747200e-03 7.7399098300039160e-03 1.3764338921162830e-01</data></Distortion_Coefficients>
<Avg_Reprojection_Error>5.3034023975212519e-01</Avg_Reprojection_Error>
<Per_View_Reprojection_Errors type_id="opencv-matrix">
  <rows>30</rows>
  <cols>1</cols>
  <dt>f</dt>
  <data>
    3.53096515e-01 4.77379888e-01 5.82941294e-01 6.68397069e-01
    8.84126425e-01 7.12236524e-01 5.39554358e-01 4.88406926e-01
    4.84555006e-01 5.24798691e-01 3.65727723e-01 4.52481598e-01
    5.74596345e-01 5.20533144e-01 7.01438487e-01 6.34674191e-01
    4.20357555e-01 4.20772970e-01 4.75285649e-01 3.91800910e-01
    5.68895638e-01 5.60509682e-01 3.57744694e-01 2.86246240e-01
    3.56154710e-01 3.76336277e-01 6.83776259e-01 6.61288679e-01
    4.42039818e-01 4.31043774e-01</data></Per_View_Reprojection_Errors>
<!-- a set of 6-tuples (rotation vector + translation vector) for each view -->
<Extrinsic_Parameters type_id="opencv-matrix">
  <rows>30</rows>
  <cols>6</cols>
  <dt>d</dt>
  <data>
    -3.6611504860580285e-01 1.1294522728814219e-01
    1.2892542418888671e+00 5.4110287871810129e+01
    -1.2381257991884938e+02 4.8802515032030368e+02
    -3.7980037864139854e-01 3.9538163814837085e-01
    1.3394319320219745e+00 7.7365283861843011e+01
    -1.1363602828759721e+02 4.7711833592254806e+02
    -2.8803952135993283e-01 4.8390425111288826e-01
    1.5192056841398320e+00 9.0025378193877373e+01
    -9.1341774127950117e+01 4.5029393454985797e+02
    -3.7292520438544269e-01 -1.2758863811113216e-01
    -1.4165139862012037e+00 -1.2223257697678079e+02
    3.6833131156134172e+01 4.1344168363410608e+02
    -1.9947294588523054e-01 8.9970760681763427e-03
    -1.3432761877108372e+00 -1.4844905415673554e+02
    4.4333944709042591e+01 4.1219750328273972e+02 1.7481474798634964e-02
    1.9351025235059476e-02 -1.3222103590712011e+00
    -1.7338700377905667e+02 5.4564196263644561e+01
    4.0389955984611458e+02 1.1857229441688058e-01
    -1.0050225773993322e-01 -1.3781790610208762e+00
    -1.8746025512109748e+02 6.5617224474493852e+01
    3.8506802829858600e+02 1.0688559570415523e-01
    -3.0893538594759323e-01 -1.4837346892445844e+00
    -1.8387833607198888e+02 7.2277917912695074e+01
    3.6475043515048918e+02 5.1107892053467739e-02
    -5.5964284240456919e-01 -1.5983276099729129e+00
    -1.6206822762605523e+02 7.4174164530596769e+01
    3.4663413724301211e+02 -6.4780242708354441e-01
    -9.1375401499888403e-02 1.2721864085478933e+00
    3.4612193585935644e+00 -6.6378676112118214e+01
    4.7751301609998359e+02 -6.0238868051998062e-01
    -1.7791183297604027e-01 1.1913203849942329e+00
    2.2698569436674575e+01 -7.4389364238376217e+01
    4.8159732312611118e+02 -4.7845169701784074e-01
    -2.5174187840626111e-01 1.2115417721947808e+00
    5.4815286149014618e+01 -7.7726573034778511e+01
    4.7694952903791955e+02 -3.0674304847059813e-01
    -2.2639888686577200e-01 1.2982367704807245e+00
    9.2034043967148705e+01 -7.1983762328645028e+01
    4.6170056074891090e+02 -1.4387929285692586e-01
    -9.0307745231092501e-02 1.3564527588366166e+00
    1.1990680478999273e+02 -6.2945661492413102e+01
    4.4240359771747831e+02 -1.5214293677749723e-02
    1.1052431093824924e-01 1.3792630868301081e+00 1.3463927132548304e+02
    -5.4244002362635541e+01 4.2363033535951871e+02
    8.2752691517989405e-02 3.3643415162781709e-01 1.4686492558877990e+00
    1.5012334106036778e+02 -4.1488925523926120e+01
    4.0602182954778249e+02 4.8825630069876565e-02 4.7274431723450272e-01
    1.6152424241270749e+00 1.6072336331312425e+02
    -3.0339394034027244e+01 4.0309793018312064e+02
    -4.4452325510136276e-01 1.4851560862953865e-03
    -1.3691005492111126e+00 -4.7668891467723988e+01
    7.7867316050553327e+01 4.3012760780540839e+02
    -3.0287041399935649e-01 2.6690591475921992e-02
    -1.3050662482068456e+00 -6.1459901901028367e+01
    5.9366069785288467e+01 4.3603138861742207e+02
    -4.8690825993099492e-02 1.4188776333738853e-01
    -1.2984574656249332e+00 -6.5625715592610291e+01
    4.6742002581534415e+01 4.4938917407966943e+02 9.4015109845823563e-02
    1.4156534231925641e-01 -1.3775458802340292e+00
    -5.5594117625183010e+01 4.7934365882642361e+01
    4.5406934766283365e+02 -1.1468941058176425e-02
    -1.8576944813455162e-01 1.5703075652011833e+00
    1.6467308377378697e+02 -7.1374519697318746e+01
    4.6206674462824310e+02 -1.3542448536864513e-01
    -2.7629033464230973e-01 1.4086294781962401e+00
    1.7019474686303744e+02 -9.4611314653973068e+01
    4.8988006857733922e+02 -1.2476932144165752e-01
    -3.4515723488618505e-01 1.3437496113890326e+00
    1.7381363814495910e+02 -1.0957178972950720e+02
    5.0670807604880076e+02 -2.4058534149333934e-02
    -3.0632694547734757e-01 1.3539950438392352e+00
    1.7661863742689161e+02 -1.2076339294113336e+02
    5.0987983467702838e+02 1.2944222569275995e-01
    -2.2611667489412715e-01 1.3798229518926106e+00
    1.7039267133136130e+02 -1.2688646395028691e+02
    5.0509796949746948e+02 2.5034958747126146e-01
    -1.1045203094421967e-01 1.4500060039278342e+00
    1.5311065075639871e+02 -1.2664754709112418e+02
    5.0156603288791774e+02 2.1224699124787064e-01 1.9905760148040388e-01
    1.5802122807130259e+00 1.2714232585670779e+02
    -1.2304770876588080e+02 5.0413839053020092e+02
    -3.3411581679910196e-01 9.9534390683247070e-02
    -1.3852800784551262e+00 -1.2248840569840252e+02
    -9.0142025269656774e+00 5.4248123353034998e+02
    -2.5091254094600057e-01 -2.7962263388247855e-02
    -1.3955005329529595e+00 -1.8269799230236873e+02
    -7.2119255544020788e+00 5.2634503218763427e+02</data></Extrinsic_Parameters>
