<?xml version="1.0"?>
<opencv_storage>
<calibration_Time>"Thu 10 Jan 2019 04:52:14 PM -05"</calibration_Time>
<nrOfFrames>30</nrOfFrames>
<image_Width>640</image_Width>
<image_Height>360</image_Height>
<board_Width>6</board_Width>
<board_Height>8</board_Height>
<square_Size>27.</square_Size>
<flagValue>0</flagValue>
<Camera_Matrix type_id="opencv-matrix">
  <rows>3</rows>
  <cols>3</cols>
  <dt>d</dt>
  <data>
    5.1337527833627121e+02 0. 3.3627068977077050e+02 0.
    5.1349087205948638e+02 1.7713163359392348e+02 0. 0. 1.</data></Camera_Matrix>
<Distortion_Coefficients type_id="opencv-matrix">
  <rows>5</rows>
  <cols>1</cols>
  <dt>d</dt>
  <data>
    -1.7714141379694662e-03 1.6693750619172951e-01
    4.7373430047524109e-03 7.2846652117778158e-03
    -5.1145198951953252e-01</data></Distortion_Coefficients>
<Avg_Reprojection_Error>5.0034490980311830e-01</Avg_Reprojection_Error>
<Per_View_Reprojection_Errors type_id="opencv-matrix">
  <rows>30</rows>
  <cols>1</cols>
  <dt>f</dt>
  <data>
    1.47697270e-01 2.95069844e-01 4.87870663e-01 3.85980099e-01
    3.26441884e-01 4.17087346e-01 4.96366143e-01 6.00677192e-01
    7.96583474e-01 8.59492779e-01 6.05578065e-01 4.84906822e-01
    4.91725028e-01 5.30363083e-01 3.70008349e-01 4.62370723e-01
    5.86547971e-01 5.29362321e-01 6.88707769e-01 6.26130402e-01
    4.22042906e-01 4.22820628e-01 4.95337427e-01 3.86215150e-01
    6.04942381e-01 5.36994159e-01 3.29552412e-01 1.97278202e-01
    3.19255620e-01 3.63378972e-01</data></Per_View_Reprojection_Errors>
<!-- a set of 6-tuples (rotation vector + translation vector) for each view -->
<Extrinsic_Parameters type_id="opencv-matrix">
  <rows>30</rows>
  <cols>6</cols>
  <dt>d</dt>
  <data>
    2.3922044746729798e-01 1.5923732777642952e-01
    -1.2486985267970752e+00 -1.4986794126045925e+02
    -1.4568851448081606e+01 4.9612044265847027e+02
    3.6830008833425720e-01 1.2768945898044834e-01
    -1.3255146336247292e+00 -1.5041821124448958e+02
    -2.1577138672718403e+00 4.8421352411382730e+02
    4.1237397144251886e-01 1.9078268001332159e-02
    -1.4970702089218768e+00 -1.4156965798326286e+02
    2.1112304680569384e+01 4.6744589214006618e+02
    -1.8524928971997917e-01 -2.5952370764912513e-01
    1.4355108852581144e+00 4.3052170519662738e+01
    -1.1836370071658219e+02 4.8621255459004476e+02
    -3.2312279823453965e-01 -5.0803468752052036e-02
    1.3280692112042323e+00 4.5625052644022922e+01
    -1.2078081461697606e+02 4.8779511121095175e+02
    -3.9216736620171849e-01 2.7090342124991151e-01
    1.2947644731369141e+00 6.4801268655490361e+01
    -1.1625213788041675e+02 4.8355175246019121e+02
    -3.5644281393680133e-01 4.7903344734721265e-01
    1.4127619968095295e+00 8.5105687889094355e+01
    -1.0019551519274157e+02 4.6453297102516160e+02
    -4.2570711133447725e-01 -1.9147691070544068e-01
    -1.4572743083786228e+00 -1.1474253169706610e+02
    3.9570543345537402e+01 4.0992877013351881e+02
    -2.6752733636461190e-01 -3.2222071216083378e-02
    -1.3627414907284938e+00 -1.4030153163940844e+02
    4.5012336895629879e+01 4.1127967961441800e+02
    -5.2414736283995358e-02 2.1879191141094122e-02
    -1.3232119828193885e+00 -1.6682972072948718e+02
    5.4789335034637745e+01 4.0532066221242565e+02 9.2095775562717738e-02
    -5.6991166720248516e-02 -1.3534151704131119e+00
    -1.8508408485373462e+02 6.5873626593594622e+01
    3.8907988475578173e+02 1.0431124713009908e-01
    -3.1477149459886922e-01 -1.4829325723926139e+00
    -1.8462684310908364e+02 7.5546764908878274e+01
    3.6242584239075961e+02 4.7688267294458013e-02
    -5.6688617228491833e-01 -1.5969065780994458e+00
    -1.6277270140003714e+02 7.7277331495008895e+01
    3.4435176597539072e+02 -6.5611355131709259e-01
    -8.8252106275166942e-02 1.2719087270604723e+00
    2.4002137030792956e+00 -6.2385326822297117e+01
    4.7658939507133590e+02 -6.1068318914378017e-01
    -1.7499147175861762e-01 1.1917133765351919e+00
    2.1668401508525527e+01 -7.0349031137739090e+01
    4.8075147433024426e+02 -4.8626147415034277e-01
    -2.4827122682005837e-01 1.2126383357509110e+00
    5.3862210787417993e+01 -7.3713807719110960e+01
    4.7613579901062587e+02 -3.1332894785596704e-01
    -2.2093654615131320e-01 1.2995888130787263e+00
    9.1188419860534182e+01 -6.8075107016554497e+01
    4.6072517042290838e+02 -1.4785101941358858e-01
    -8.2031789574935218e-02 1.3573304935405071e+00
    1.1910316228710023e+02 -5.9181896946601398e+01
    4.4097161358631075e+02 -1.5380524075165269e-02
    1.1963602480869413e-01 1.3788824624660647e+00 1.3369285771547726e+02
    -5.0662580147296843e+01 4.2140320727155972e+02
    7.9033473145829952e-02 3.4214638622818716e-01 1.4674913776260106e+00
    1.4916822524374348e+02 -3.8040404655300556e+01
    4.0387842119914569e+02 4.2288826265264812e-02 4.7929873360665354e-01
    1.6137708093163041e+00 1.5985278307867750e+02
    -2.6890477044063914e+01 4.0122120808447465e+02
    -4.5218044692599968e-01 -4.6291838804412089e-03
    -1.3690088712996067e+00 -4.8599613388830825e+01
    8.1432639677240445e+01 4.2734030433350642e+02
    -3.1160126902978963e-01 2.2642281374154645e-02
    -1.3050438220919829e+00 -6.2361678869764219e+01
    6.3026548468342853e+01 4.3362837827269038e+02 9.6544960449324799e-03
    1.6690253582779388e-01 -1.3130580081180008e+00
    -6.5170143245652199e+01 4.8571266025651674e+01
    4.5085810164836289e+02 1.1283971765673941e-01 1.1120237351011361e-01
    -1.4227153919886379e+00 -5.0040043126185068e+01
    5.5548046324078371e+01 4.5228508010348150e+02
    -1.1626772128165394e-02 -1.7860691980177923e-01
    1.5715702023009148e+00 1.6380608095914423e+02
    -6.7376511005487032e+01 4.5999046021623673e+02
    -1.3793273733102926e-01 -2.6979036037480619e-01
    1.4106730483881580e+00 1.6938735482299603e+02
    -9.0411789425397899e+01 4.8810544663400884e+02
    -1.4570795573000678e-01 -3.3450372629466357e-01
    1.3505805433194138e+00 1.7160292388326457e+02
    -1.0188598024067237e+02 5.0160269531348700e+02
    -6.9172335488101228e-02 -3.1708742701375076e-01
    1.3503600502064197e+00 1.7520775236727729e+02
    -1.1303546974871271e+02 5.0822736787344195e+02
    7.5265952219508298e-02 -2.4958732305903961e-01
    1.3703290715653798e+00 1.7259186743940688e+02
    -1.2117906231701051e+02 5.0478262334554444e+02</data></Extrinsic_Parameters>
