<?xml version="1.0"?>
<opencv_storage>
<calibration_Time>"Thu 10 Jan 2019 01:08:35 PM -05"</calibration_Time>
<nrOfFrames>30</nrOfFrames>
<image_Width>640</image_Width>
<image_Height>480</image_Height>
<board_Width>6</board_Width>
<board_Height>8</board_Height>
<square_Size>27.</square_Size>
<FixAspectRatio>1.</FixAspectRatio>
<!-- flags:  +fix_aspectRatio +fix_principal_point +zero_tangent_dist -->
<flagValue>14</flagValue>
<Camera_Matrix type_id="opencv-matrix">
  <rows>3</rows>
  <cols>3</cols>
  <dt>d</dt>
  <data>
    6.6187499735186839e+02 0. 320. 0. 6.6187499735186839e+02 240. 0. 0.
    1.</data></Camera_Matrix>
<Distortion_Coefficients type_id="opencv-matrix">
  <rows>5</rows>
  <cols>1</cols>
  <dt>d</dt>
  <data>
    -3.2334644932310974e-01 -1.6834829747139785e-01 0. 0.
    3.2266488399905663e-01</data></Distortion_Coefficients>
<Avg_Reprojection_Error>6.4986959738402339e-01</Avg_Reprojection_Error>
<Per_View_Reprojection_Errors type_id="opencv-matrix">
  <rows>30</rows>
  <cols>1</cols>
  <dt>f</dt>
  <data>
    3.11778367e-01 3.51270050e-01 6.08101904e-01 5.01297534e-01
    3.82512003e-01 6.02568507e-01 5.17238557e-01 4.34717894e-01
    5.49223185e-01 8.14269245e-01 5.10121346e-01 3.90207291e-01
    5.04684091e-01 3.77234340e-01 3.75495017e-01 4.95120555e-01
    7.61190832e-01 5.53694367e-01 8.18100810e-01 7.22588241e-01
    5.73490679e-01 1.44829500e+00 1.49798679e+00 5.16747296e-01
    6.62311792e-01 5.53213894e-01 6.12520337e-01 6.55427754e-01
    2.79072165e-01 2.44517311e-01</data></Per_View_Reprojection_Errors>
<!-- a set of 6-tuples (rotation vector + translation vector) for each view -->
<Extrinsic_Parameters type_id="opencv-matrix">
  <rows>30</rows>
  <cols>6</cols>
  <dt>d</dt>
  <data>
    1.4252547898526228e-02 1.3287260869073608e-01 1.2280264788621358e+00
    8.9081259960755233e+01 -1.1180371284947159e+02
    3.5502872900076596e+02 6.3726203499301914e-03 2.9193050893091577e-01
    1.2982701492795647e+00 9.5713715069717068e+01
    -1.0646528661729064e+02 3.5339194424203657e+02
    -3.6898548568173123e-01 -2.6033825008928788e-02
    -1.4536786762845526e+00 -9.6379902544522920e+01
    4.0572266655431726e+01 3.6088103500326849e+02
    -1.9843092257101611e-01 6.0768570435019105e-02
    -1.3642038713913942e+00 -1.1326865412847171e+02
    2.9212419148795863e+01 3.6825507799475321e+02 1.2217001286219838e-01
    3.0867106690849244e-01 -1.2947095911587776e+00
    -1.2366066217933957e+02 2.2049910406195870e+01
    3.8644782204045453e+02 1.0671813172647915e-01
    -3.0375727928753338e-01 1.3836002754458774e+00
    1.1358088657082145e+02 -1.0277719112600691e+02
    3.4298307098367155e+02 3.2885588877934191e-01
    -3.2964129039124233e-02 1.3840731429278146e+00
    1.1967214422680721e+02 -9.3012151855850064e+01
    3.1673852533418938e+02 4.3774446803375616e-01 1.1978020642970326e-01
    1.3985384066779607e+00 1.1615145524619987e+02
    -8.7384563217422908e+01 3.0743315493591922e+02
    5.2253915995150191e-01 2.3326927991821275e-01 1.4217729686204306e+00
    1.1385017292530773e+02 -8.0232816716583656e+01
    2.9960316354692111e+02 1.7809975763831004e-01 2.8343764705286223e-01
    1.4321178488763580e+00 9.3081224254791522e+01
    -6.5837145889268726e+01 3.3453503001289505e+02
    7.2052748818289533e-02 1.4392912107684047e-01 1.4219733537621406e+00
    7.9852848626686281e+01 -7.0508177759176803e+01
    3.4504859161212278e+02 4.0288671999194284e-03 2.0718985790825727e-03
    1.4307919690267217e+00 7.3925441895788055e+01
    -6.9420324030489041e+01 3.5213209971579209e+02
    -4.6952423081152612e-02 -1.2104207803870703e-01
    1.5738906582149392e+00 7.3471839301465877e+01
    -6.8861491548921762e+01 3.5655946993528966e+02
    -2.8227596945503940e-02 -3.0658901775783433e-02
    -1.5082122111206300e+00 -1.1867825303706418e+02
    5.9679827439463295e+01 3.4630479555239611e+02
    -7.6254708090068915e-02 7.3001590219187715e-02
    -1.4542637328888501e+00 -1.2238120448451316e+02
    5.3417059987526024e+01 3.5971741676736730e+02
    -1.7500371126478137e-01 2.4777011723047743e-01
    -1.4114709348351129e+00 -1.2283094357362614e+02
    4.9475562882837941e+01 3.8539408905371226e+02
    -1.3414939902876580e-01 2.8405727783587947e-01
    -1.4431107866168023e+00 -1.3774608997607416e+02
    4.9171168980775555e+01 3.9161830271676001e+02
    -4.6658050401247886e-01 2.5949477866483150e-01
    1.4639270775638555e+00 4.2340932996356671e+01
    -5.1595689011119227e+01 3.8820852031861631e+02
    -4.2447935264375397e-01 4.0668067686497461e-01
    1.5202586235283424e+00 7.4597875890318335e+01
    -5.8272732987713262e+01 3.8052856398991850e+02
    2.5783378607539820e-01 -2.4656520124814413e-01
    1.5482297967439029e+00 7.6540205048982941e+01
    -9.4247805099734890e+01 3.4331369789587512e+02
    3.2365321472852865e-01 -3.4187359374028509e-01
    1.4523764188261017e+00 6.8125997853935075e+01
    -1.0610315068759161e+02 3.4124365588882614e+02
    4.8704801703870393e-01 6.0006864053007689e-02 1.3718241954257318e+00
    7.6763396700270178e+01 -9.8621094769711405e+01
    3.0244956255534908e+02 4.6646108354309912e-01
    -3.8711996171975432e-02 1.5830942742403817e+00
    7.8670649578413929e+01 -7.6478302706072526e+01
    3.1556427730251960e+02 -1.5027588105389139e-01
    3.3750122954247624e-01 -1.4766713253572183e+00
    -6.0948034803070612e+01 3.9966541583107578e+01
    4.3518209482704765e+02 -1.7882588262217269e-01
    4.0120090229248406e-01 -1.3884784777893837e+00
    -5.3942073150908492e+01 1.1573594810185648e+01
    4.7350336843708322e+02 -9.1443290537690430e-02
    3.3483555163631773e-01 -1.3296001847347858e+00
    -7.2492060421922488e+01 -1.8111201027799769e+01
    4.9726453964824924e+02 -3.7557485018321454e-03
    2.5347679377669868e-01 -1.3273093317943998e+00
    -9.4548774215334262e+01 -2.7113703565107421e+01
    5.2664258225774665e+02 8.6115616903776213e-02 1.3676319553061286e-01
    -1.3895388315272270e+00 -1.1705047166449401e+02
    -1.7996309945345267e+01 5.6561033470905215e+02
    -1.2790102273623333e-01 -2.4784601071795875e-01
    1.3482540924142423e+00 4.4036486308579249e+01
    -1.6423660852569466e+02 7.1546655697716312e+02
    -2.0083888787240689e-01 -7.1677000598216509e-02
    1.2724199698579441e+00 4.7621336291811154e+01
    -1.7674249396682492e+02 7.4045041225755233e+02</data></Extrinsic_Parameters>
