<?xml version="1.0"?>
<opencv_storage>
<calibration_Time>"Thu 10 Jan 2019 04:47:30 PM -05"</calibration_Time>
<nrOfFrames>30</nrOfFrames>
<image_Width>640</image_Width>
<image_Height>480</image_Height>
<board_Width>6</board_Width>
<board_Height>8</board_Height>
<square_Size>27.</square_Size>
<flagValue>0</flagValue>
<Camera_Matrix type_id="opencv-matrix">
  <rows>3</rows>
  <cols>3</cols>
  <dt>d</dt>
  <data>
    6.7293310490700264e+02 0. 3.0808294711443989e+02 0.
    6.7254791066435644e+02 2.6090526081101132e+02 0. 0. 1.</data></Camera_Matrix>
<Distortion_Coefficients type_id="opencv-matrix">
  <rows>5</rows>
  <cols>1</cols>
  <dt>d</dt>
  <data>
    -3.7220272091632400e-01 1.5983865936467492e-01
    -5.3222409784511237e-03 3.2751818072644569e-03
    -4.4030710384826288e-01</data></Distortion_Coefficients>
<Avg_Reprojection_Error>6.0135371598530696e-01</Avg_Reprojection_Error>
<Per_View_Reprojection_Errors type_id="opencv-matrix">
  <rows>30</rows>
  <cols>1</cols>
  <dt>f</dt>
  <data>
    3.44081551e-01 4.04604286e-01 4.85283345e-01 4.12800193e-01
    4.87612516e-01 6.85274839e-01 6.31315053e-01 4.28323001e-01
    4.76428539e-01 6.50543332e-01 3.84896278e-01 3.44762474e-01
    4.63300586e-01 3.45213294e-01 4.19224590e-01 4.28778678e-01
    6.48779333e-01 4.54535991e-01 5.75377762e-01 7.41147637e-01
    7.06994712e-01 1.34615719e+00 1.29984283e+00 6.45999372e-01
    6.16922200e-01 5.97431600e-01 6.24363184e-01 3.06689829e-01
    2.35778943e-01 2.38794029e-01</data></Per_View_Reprojection_Errors>
<!-- a set of 6-tuples (rotation vector + translation vector) for each view -->
<Extrinsic_Parameters type_id="opencv-matrix">
  <rows>30</rows>
  <cols>6</cols>
  <dt>d</dt>
  <data>
    3.6865934538490013e-02 1.3098557217699575e-01 1.2296975729264712e+00
    9.5523445607296381e+01 -1.2304563511428232e+02
    3.5768270891486139e+02 3.4785978346563079e-02 2.8810987436451513e-01
    1.3024858800157004e+00 1.0211091400196662e+02
    -1.1758988838574886e+02 3.5546195262048127e+02
    -3.5869907663682205e-01 3.8695986245831128e-03
    -1.4489313426928896e+00 -8.9946757092167331e+01
    2.9068524543181592e+01 3.6897616245812196e+02
    -1.8863825244557345e-01 8.7110616945829888e-02
    -1.3601085214590019e+00 -1.0674120650203589e+02
    1.7458282816125486e+01 3.7607251620200867e+02 1.3521239387959993e-01
    3.3945873725406001e-01 -1.2913077794802061e+00
    -1.1679712328934453e+02 9.7597670937832781e+00
    3.9479336681804074e+02 1.3484989577749582e-01
    -3.1062000957084662e-01 1.3776749490357936e+00
    1.1964191877675908e+02 -1.1381748915310662e+02
    3.4495392736711727e+02 3.2658970495398115e-01
    -8.8997485801551368e-02 1.3791113210386503e+00
    1.2596715139053323e+02 -1.0539918307448943e+02
    3.2235117896417916e+02 4.4398139105314205e-01 8.3419542993486695e-02
    1.3926924403833385e+00 1.2296282256023899e+02
    -9.9137976181697695e+01 3.1166306468677578e+02
    5.1885497033430772e-01 1.7111675411659658e-01 1.4080444884458194e+00
    1.1957661656790157e+02 -9.4148928294268828e+01
    3.0559826075609743e+02 2.0948249235841732e-01 2.7953474971636894e-01
    1.4357592081454211e+00 9.9172445513123179e+01
    -7.6476942197658573e+01 3.3702549067525393e+02
    9.6832732949562628e-02 1.4133371949687135e-01 1.4242759768812012e+00
    8.6184074377707276e+01 -8.1452382220045322e+01
    3.4824322604356661e+02 2.3852083453986202e-02
    -1.6620952115278306e-03 1.4309723434731729e+00
    8.0297382077306068e+01 -8.0588263791095400e+01
    3.5582245818758963e+02 -2.9215038715904695e-02
    -1.2817814257808938e-01 1.5721950083462850e+00
    7.9802772002717134e+01 -8.0148831042057282e+01
    3.6029760894876586e+02 -2.2461456651868224e-02
    -1.1896675675542636e-02 -1.5075066324557456e+00
    -1.1242355439985070e+02 4.8534734880639441e+01
    3.5362381854651011e+02 -6.8811436088585906e-02
    9.5960001811355583e-02 -1.4515817472988213e+00
    -1.1601948158828931e+02 4.1935576371534552e+01
    3.6762443992842918e+02 -1.6492453214342390e-01
    2.7934777823678958e-01 -1.4050409126739933e+00
    -1.1600269551570830e+02 3.7235038466780438e+01
    3.9414969864719319e+02 -1.2419957467095445e-01
    3.1703132616176094e-01 -1.4361414693918564e+00
    -1.3082292570647138e+02 3.6649839327382580e+01
    4.0069259369647858e+02 -4.3409974392540185e-01
    2.5195248316733487e-01 1.4713230682575624e+00 4.9319974498318800e+01
    -6.3500040797402491e+01 3.9052372611042364e+02
    -3.9221181237946012e-01 3.9747847837729888e-01
    1.5292764516793147e+00 8.1361953758598574e+01
    -6.9957376777258162e+01 3.8256831411413350e+02
    2.8883165936472327e-01 -2.5638750758155077e-01
    1.5442446294659626e+00 8.2818672691901753e+01
    -1.0521216750944932e+02 3.4599135392935852e+02
    3.5674146690841135e-01 -3.4988552891588803e-01
    1.4466144516391175e+00 7.4358958200412843e+01
    -1.1697182897375818e+02 3.4359481393509998e+02
    5.2304176636772770e-01 5.4559456877899322e-02 1.3707010769980501e+00
    8.2266025469981031e+01 -1.0828370160931021e+02
    3.0437782232687010e+02 9.8576115135500395e-02 4.9395410837595749e-01
    -1.4389270528118081e+00 -1.0521687642016904e+02
    1.7474321923216515e+01 4.1686803646298495e+02
    -1.4122985608989433e-01 3.7072965123183643e-01
    -1.4709452511640901e+00 -5.3108735030985137e+01
    2.6312408114755474e+01 4.4412688934923028e+02
    -1.6807156756045150e-01 4.3459215639178927e-01
    -1.3815953433411163e+00 -4.5391265275620903e+01
    -3.2901701496386249e+00 4.8236209856325439e+02
    -5.7074180940552673e-02 3.4171513137503123e-01
    -1.3194529320960326e+00 -6.8551410581952339e+01
    -3.7539474927131337e+01 5.1185282156500386e+02
    1.0140161851774744e-01 1.6333076609399422e-01
    -1.3880218237994271e+00 -1.0695339186852866e+02
    -3.5989888496061909e+01 5.7601376721704844e+02
    -1.0104828559696577e-01 -2.5255324072115581e-01
    1.3456087503903165e+00 5.6820549388629175e+01
    -1.8663118289207756e+02 7.2207827309482798e+02
    -1.7186573379452649e-01 -7.8087383906172925e-02
    1.2728672615336447e+00 6.0871311087072449e+01
    -1.9985144197872296e+02 7.4699769614759623e+02
    -2.5155212426728282e-03 3.3489178600406927e-01
    1.3518457454890416e+00 1.3430135142996670e+02
    -1.9938776696963666e+02 7.8647578579247249e+02</data></Extrinsic_Parameters>
