<?xml version="1.0"?>
<opencv_storage>
<calibration_Time>"Tue 08 Jan 2019 02:46:57 PM -05"</calibration_Time>
<nrOfFrames>25</nrOfFrames>
<image_Width>1280</image_Width>
<image_Height>720</image_Height>
<board_Width>7</board_Width>
<board_Height>9</board_Height>
<square_Size>50.</square_Size>
<FixAspectRatio>1.</FixAspectRatio>
<!-- flags:  +fix_aspectRatio +fix_principal_point +zero_tangent_dist -->
<flagValue>14</flagValue>
<Camera_Matrix type_id="opencv-matrix">
  <rows>3</rows>
  <cols>3</cols>
  <dt>d</dt>
  <data>
    1.7667799889663642e+04 0. 640. 0. 1.7667799889663642e+04 360. 0. 0.
    1.</data></Camera_Matrix>
<Distortion_Coefficients type_id="opencv-matrix">
  <rows>5</rows>
  <cols>1</cols>
  <dt>d</dt>
  <data>
    -1.2049561365283088e+01 5.2669769294699995e+02 0. 0.
    1.9979373497472530e+04</data></Distortion_Coefficients>
<Avg_Reprojection_Error>8.3493868380358283e-01</Avg_Reprojection_Error>
<Per_View_Reprojection_Errors type_id="opencv-matrix">
  <rows>25</rows>
  <cols>1</cols>
  <dt>f</dt>
  <data>
    1.16794801e+00 1.19480085e+00 1.13176882e+00 1.18674147e+00
    1.19915116e+00 1.24607301e+00 1.16492927e+00 1.14450610e+00
    9.91925001e-01 9.39009666e-01 8.31875861e-01 7.11699069e-01
    6.89467430e-01 6.10509753e-01 5.51039040e-01 6.07297659e-01
    4.41711485e-01 4.47870076e-01 4.70392793e-01 5.11146247e-01
    5.45434952e-01 4.61822987e-01 3.49106163e-01 3.28874230e-01
    2.92852044e-01</data></Per_View_Reprojection_Errors>
<!-- a set of 6-tuples (rotation vector + translation vector) for each view -->
<Extrinsic_Parameters type_id="opencv-matrix">
  <rows>25</rows>
  <cols>6</cols>
  <dt>d</dt>
  <data>
    -2.9853230593994279e-01 -2.3075990633671273e-01
    -1.5605963046334554e+00 -5.8854604869120465e+01
    7.2270628888424582e+01 1.2116086927712102e+04
    -3.0977455700054707e-01 -2.3447675469879001e-01
    -1.5585519876210521e+00 -7.5993868770041416e+01
    7.3499027666193314e+01 1.2110248974148812e+04
    -3.1136364252373128e-01 -2.2694949537516848e-01
    -1.5566290520781383e+00 -9.5211043889895521e+01
    7.4317473433495223e+01 1.2101983797545478e+04
    -3.1664678423606801e-01 -2.2539525248434811e-01
    -1.5540279657307479e+00 -1.1777055033150036e+02
    7.4461816195720743e+01 1.2085762994371755e+04
    -3.2334236491532559e-01 -2.2758145057287707e-01
    -1.5491530866110790e+00 -1.4166793834052339e+02
    7.5058645171457428e+01 1.2066640294919949e+04
    -3.2806073954366821e-01 -2.2647284082437172e-01
    -1.5439164726390957e+00 -1.7074859983229595e+02
    7.4648684823425398e+01 1.2049050610697004e+04
    -3.1999998117722001e-01 -2.3906009675807927e-01
    -1.5427840482838540e+00 -1.9614818533639101e+02
    7.4283332837871342e+01 1.2030804225010606e+04
    -3.2349759658640426e-01 -2.4240379301379608e-01
    -1.5384465207628362e+00 -2.2132393167128075e+02
    7.2719582193883298e+01 1.2017955599710454e+04
    -3.2256648723424086e-01 -2.4955924205404831e-01
    -1.5340976470070109e+00 -2.4463531291400241e+02
    7.0124393024692907e+01 1.2004703445861222e+04
    -3.2063348469349345e-01 -2.5219250150232020e-01
    -1.5306510309389731e+00 -2.6812774541663373e+02
    6.7753663286047086e+01 1.1977691918289542e+04
    -3.2035255616726294e-01 -2.5386861633623409e-01
    -1.5293949851615576e+00 -2.9023072138024497e+02
    6.6140448483871879e+01 1.1954045766332960e+04
    -3.1818854853446327e-01 -2.5916842747803154e-01
    -1.5254290580281717e+00 -3.1136273324844740e+02
    6.3435523810834908e+01 1.1943005781420454e+04
    -3.0820721582015526e-01 -2.5856627793884712e-01
    -1.5234949793655366e+00 -3.3086381912692121e+02
    6.2224207585096622e+01 1.1943283508151317e+04
    -2.8862953090039623e-01 -2.5469067508171761e-01
    -1.5258248564148120e+00 -3.5319933566466278e+02
    6.6502609647288182e+01 1.1970813664471423e+04
    -2.8745358139189120e-01 -2.7141207632903425e-01
    -1.5257682733934581e+00 -3.6773999292632317e+02
    6.9186434915862691e+01 1.2002497025601255e+04
    -2.9533432631368939e-01 -2.8994857220952880e-01
    -1.5327624702335092e+00 -3.7629275205989944e+02
    6.9024699923920025e+01 1.2022371813601019e+04
    -2.8489161246470807e-01 -2.7881965841476980e-01
    -1.5541115966526096e+00 -3.7730333538630759e+02
    7.1547370741195934e+01 1.2007585968409099e+04
    -2.8703201856937766e-01 -2.7189287753093955e-01
    -1.5664447845674547e+00 -3.7992868165542495e+02
    7.6807972078783408e+01 1.2026877084239961e+04
    -3.0328886884305545e-01 -2.6351333417342870e-01
    -1.5712695347359300e+00 -3.8617060446627977e+02
    8.1132904957035620e+01 1.2052987273847601e+04
    -3.0690657381854242e-01 -2.7717301715231230e-01
    -1.5676448313662528e+00 -4.0492876185215715e+02
    7.8738933575713446e+01 1.1977912451463510e+04
    -3.0327493304619096e-01 -2.8854059094832457e-01
    -1.5666142482561334e+00 -4.1893123495408673e+02
    7.0949588289920143e+01 1.1907255944259625e+04
    -2.8899574809255424e-01 -2.8954534740261567e-01
    -1.5671143870413640e+00 -4.2299470887353266e+02
    6.6368680610775641e+01 1.1906325233925845e+04
    -2.8653534560854038e-01 -2.9083511586776728e-01
    -1.5679910623810003e+00 -4.2008659581888412e+02
    6.3751349043386583e+01 1.1933503203875805e+04
    -2.9016537543227877e-01 -2.9560284917985008e-01
    -1.5696107381481470e+00 -4.1712621920078124e+02
    5.8971241787172005e+01 1.1902618334684706e+04
    -2.7629984058320983e-01 -2.8772490134689599e-01
    -1.5726654983120505e+00 -4.1190563011098999e+02
    5.4658265421472670e+01 1.1895999596553202e+04</data></Extrinsic_Parameters>
