<?xml version="1.0"?>
<opencv_storage>
<calibration_Time>"Thu 10 Jan 2019 01:16:55 PM -05"</calibration_Time>
<nrOfFrames>30</nrOfFrames>
<image_Width>640</image_Width>
<image_Height>480</image_Height>
<board_Width>4</board_Width>
<board_Height>11</board_Height>
<square_Size>38.</square_Size>
<FixAspectRatio>1.</FixAspectRatio>
<!-- flags:  +fix_aspectRatio +fix_principal_point +zero_tangent_dist -->
<flagValue>14</flagValue>
<Camera_Matrix type_id="opencv-matrix">
  <rows>3</rows>
  <cols>3</cols>
  <dt>d</dt>
  <data>
    7.1209389610034282e+02 0. 320. 0. 7.1209389610034282e+02 240. 0. 0.
    1.</data></Camera_Matrix>
<Distortion_Coefficients type_id="opencv-matrix">
  <rows>5</rows>
  <cols>1</cols>
  <dt>d</dt>
  <data>
    -3.6246749621107582e-01 -5.1111616446260422e-01 0. 0.
    2.0738910246211253e+00</data></Distortion_Coefficients>
<Avg_Reprojection_Error>8.6378519066089321e-01</Avg_Reprojection_Error>
<Per_View_Reprojection_Errors type_id="opencv-matrix">
  <rows>30</rows>
  <cols>1</cols>
  <dt>f</dt>
  <data>
    3.26396585e-01 5.40522754e-01 6.68914735e-01 7.62739301e-01
    6.78597212e-01 5.06126702e-01 3.79189819e-01 4.17835414e-01
    3.54019225e-01 3.43623281e-01 3.10911357e-01 2.62728095e-01
    2.86089808e-01 4.01789993e-01 6.29904568e-01 9.28027928e-01
    1.33520722e+00 1.66518104e+00 1.99911237e+00 1.63026500e+00
    7.48473227e-01 6.61537588e-01 7.52707481e-01 8.11751187e-01
    9.00002182e-01 1.05625427e+00 4.32026923e-01 5.27823806e-01
    1.09396863e+00 9.94755566e-01</data></Per_View_Reprojection_Errors>
<!-- a set of 6-tuples (rotation vector + translation vector) for each view -->
<Extrinsic_Parameters type_id="opencv-matrix">
  <rows>30</rows>
  <cols>6</cols>
  <dt>d</dt>
  <data>
    5.7629151610111828e-01 -3.0132623990663882e-02
    1.7934900726449639e+00 1.2943932443967554e+02
    -2.3143301404506460e+02 1.1143660885492318e+03
    4.4267041958918485e-01 -5.4523428109240413e-01
    1.5921687046089479e+00 1.3220794672967921e+02
    -2.1149972261198198e+02 1.0557215159239388e+03
    3.0195494046671251e-01 -5.1703965090321113e-01
    1.5333652357476775e+00 1.5323097201736718e+02
    -2.1690838019593824e+02 1.0533691556491885e+03
    1.7122020793575973e-01 -4.5065758956054919e-01
    1.4628097155123567e+00 1.7335256555212999e+02
    -2.2360524560520651e+02 1.0449840430726881e+03
    5.1836140107627313e-02 -3.6602407268837400e-01
    1.3876183348181013e+00 1.8951643988656130e+02
    -2.2833864888472075e+02 1.0299439967660189e+03
    -6.4725052324818677e-02 -2.6277370831921321e-01
    1.3330339576734211e+00 2.0294419616809341e+02
    -2.3087959667840292e+02 1.0121559941856517e+03
    -1.6702112039386052e-01 -1.1867565128704298e-01
    1.2982242822681966e+00 2.1257877326039295e+02
    -2.2738159797346879e+02 1.0002147503707008e+03
    -2.7072494100547556e-01 7.5060055776244333e-02
    1.2989160834355480e+00 2.2583889555799848e+02
    -2.2086177286563628e+02 9.9819715312765095e+02
    -3.3560354960688871e-01 2.2115419684311272e-01
    1.3353385213601334e+00 2.4034237543711728e+02
    -2.1681743681195834e+02 9.9347357209417783e+02
    -3.2662885135212094e-01 2.6456912671974819e-01
    1.3966747720706312e+00 2.4991595138089542e+02
    -2.1925702772759854e+02 9.8342611693285471e+02
    -2.5420868667069169e-01 2.6472360030685299e-01
    1.4900010426243246e+00 2.5993867807203350e+02
    -2.2491493515293635e+02 9.6961176993169568e+02
    -2.0929389234139070e-01 2.5919722225469455e-01
    1.5459285671933738e+00 2.6260744039319587e+02
    -2.2868025867212816e+02 9.6278083345438370e+02
    -1.6829571189216122e-01 2.5697272008682692e-01
    1.5918709902326036e+00 2.6045954144976980e+02
    -2.3026132247587168e+02 9.5415297598353584e+02
    -1.1910549603474449e-01 2.4015261615529288e-01
    1.6300408304062730e+00 2.5090761850305083e+02
    -2.3073102479269900e+02 9.3804069362311350e+02
    -7.7654538408915563e-02 2.1331954274966014e-01
    1.6527230737915741e+00 2.3166190738187564e+02
    -2.2756597707723080e+02 9.1441959065031904e+02
    -5.4755704672169628e-02 1.7582137148697874e-01
    1.6591203160140127e+00 2.0500845945804053e+02
    -2.2150592172344588e+02 8.8819276796715144e+02
    -5.0320263442493324e-02 1.3006284831505205e-01
    1.6473596975355218e+00 1.7194013982578630e+02
    -2.1171191229642008e+02 8.6212598408059557e+02
    -5.1368175335943414e-02 5.2074310436086832e-02
    1.6312300381880094e+00 1.3497266002030048e+02
    -2.0237731936206325e+02 8.3756736897032488e+02
    -6.0095187320201575e-02 -9.0374161267258793e-02
    1.6055560277617238e+00 9.8173773751412398e+01
    -1.9184602434839752e+02 8.2094660067815016e+02
    -8.1433153560883723e-02 -2.5824095336098057e-01
    1.5555474100328073e+00 6.3222461555827770e+01
    -1.8287423624731815e+02 8.1003801672005136e+02
    -4.0331742949498656e-01 -6.0753492488011596e-02
    1.3169920841609728e+00 2.4237115133298602e+01
    -1.9999941871449772e+02 8.4238626335718061e+02
    -4.2517167443650872e-01 2.8455204588743007e-02
    1.3454185453457401e+00 5.0551327327675516e+01
    -1.9712250281789352e+02 8.4987159728256847e+02
    -3.8158596497848096e-01 6.6775487975072489e-02
    1.4097623606360876e+00 8.1149216788822642e+01
    -1.9230172146847951e+02 8.4840788429743702e+02
    -2.8472266820477365e-01 5.5220927581047949e-02
    1.5012642505382361e+00 1.1141951876950591e+02
    -1.8727775127394202e+02 8.3766349587608056e+02
    -1.5392824922852993e-01 1.2167807233865360e-02
    1.6033622980305513e+00 1.3196867135951365e+02
    -1.8306750349494934e+02 8.2362719817470258e+02
    -7.0112489628934549e-04 -1.1837043070828009e-01
    1.6890383437785930e+00 1.3791480953889427e+02
    -1.8264331482245242e+02 8.0934536518932043e+02
    1.7044866553581681e-01 -4.0493273002043567e-01
    1.7488908658279443e+00 1.1780876595769998e+02
    -1.8829878490885872e+02 7.8820344770398401e+02
    2.1928879686084066e-01 -5.0477537211346324e-01
    1.7133961554630390e+00 1.0655176351196974e+02
    -1.8613481010106685e+02 7.7907516323626430e+02
    1.2802039791180753e-01 -5.7499786506723538e-01
    1.5149848098985130e+00 7.7958351817601496e+01
    -2.0032808771049929e+02 7.8148024292136233e+02
    8.8217709341561722e-03 -5.2518343034370929e-01
    1.4242027474520924e+00 6.6004078724407648e+01
    -2.0874038112454389e+02 7.9358424136446604e+02</data></Extrinsic_Parameters>
