<?xml version="1.0"?>
<opencv_storage>
<calibration_Time>"Thu 10 Jan 2019 07:22:05 PM -05"</calibration_Time>
<nrOfFrames>50</nrOfFrames>
<image_Width>640</image_Width>
<image_Height>360</image_Height>
<board_Width>6</board_Width>
<board_Height>8</board_Height>
<square_Size>27.</square_Size>
<flagValue>0</flagValue>
<Camera_Matrix type_id="opencv-matrix">
  <rows>3</rows>
  <cols>3</cols>
  <dt>d</dt>
  <data>
    5.1140519334534270e+02 0. 3.3515166132412111e+02 0.
    5.1127081448625410e+02 1.7944571727438210e+02 0. 0. 1.</data></Camera_Matrix>
<Distortion_Coefficients type_id="opencv-matrix">
  <rows>5</rows>
  <cols>1</cols>
  <dt>d</dt>
  <data>
    3.4548482454761852e-02 -1.4636268814556208e-01
    5.4231674209795867e-03 8.5202580504508841e-03 1.3150874454263656e-01</data></Distortion_Coefficients>
<Avg_Reprojection_Error>4.6998594328291060e-01</Avg_Reprojection_Error>
<Per_View_Reprojection_Errors type_id="opencv-matrix">
  <rows>50</rows>
  <cols>1</cols>
  <dt>f</dt>
  <data>
    2.89932013e-01 2.02188089e-01 1.93641424e-01 3.88241857e-01
    4.74322349e-01 3.27526212e-01 3.29821020e-01 4.44470376e-01
    5.56538880e-01 7.53373861e-01 9.83303726e-01 6.61142707e-01
    5.16668856e-01 5.03508270e-01 4.94231224e-01 3.54849458e-01
    4.56390560e-01 5.81839979e-01 5.30653119e-01 7.01165318e-01
    6.36113286e-01 4.07534957e-01 3.98932070e-01 4.48877633e-01
    3.60437155e-01 6.22154534e-01 4.91122246e-01 3.30625474e-01
    2.53991336e-01 3.34737003e-01 3.74152929e-01 6.93568587e-01
    6.77860141e-01 4.83503968e-01 4.74987477e-01 4.75723714e-01
    3.63767356e-01 2.99665481e-01 2.69323915e-01 1.47975445e-01
    3.18919837e-01 4.26301450e-01 5.05661309e-01 4.42873418e-01
    2.66073763e-01 2.02728733e-01 3.25674742e-01 2.86761612e-01
    4.13103521e-01 5.79862535e-01</data></Per_View_Reprojection_Errors>
<!-- a set of 6-tuples (rotation vector + translation vector) for each view -->
<Extrinsic_Parameters type_id="opencv-matrix">
  <rows>50</rows>
  <cols>6</cols>
  <dt>d</dt>
  <data>
    -2.9736039762396610e-02 1.1791092651504803e-01
    -1.2513234419568378e+00 -1.3921441345238199e+02
    -5.4982355577136026e+00 4.9958857649417490e+02
    1.3568259296007293e-01 1.4782523202698419e-01
    -1.2324288562998411e+00 -1.4579244907728506e+02
    -1.5924725872246951e+01 4.9841795392377134e+02
    2.8476371683387969e-01 1.5292175382550799e-01
    -1.2684450374050980e+00 -1.4956463332251525e+02
    -1.4332697252929801e+01 4.9072857963378283e+02
    4.1162250237747344e-01 1.1803247476928291e-01
    -1.3693604915472186e+00 -1.4822151049595709e+02
    2.5373988962911147e+00 4.7902854757046026e+02
    -5.2864522981998688e-02 -3.7522648765652955e-01
    1.5393063205159674e+00 4.9265227239169320e+01
    -1.1307712749503848e+02 4.8026807768102884e+02
    -2.3153018013023341e-01 -2.0189830370579617e-01
    1.3925042322784547e+00 4.3813810149246166e+01
    -1.2208511162942648e+02 4.8436348404082020e+02
    -3.6856223447917857e-01 1.1263718129661544e-01
    1.2891621737479431e+00 5.4084640746353500e+01
    -1.2196809793391864e+02 4.8511642233698126e+02
    -3.8164998526598060e-01 3.9634899052117817e-01
    1.3390536509589079e+00 7.7350644697970935e+01
    -1.1185091149815209e+02 4.7436726421879490e+02
    -2.8991653927305638e-01 4.8540787245842720e-01
    1.5186076959335064e+00 9.0003587030124791e+01
    -8.9627525481244845e+01 4.4758139205790263e+02
    -3.2112736594584690e-01 -7.6127721306323906e-02
    -1.3858452999599151e+00 -1.3072123134469305e+02
    4.0574813598872289e+01 4.1072398932911051e+02
    -1.2610362824642340e-01 2.0307806665884442e-02
    -1.3307986585126488e+00 -1.5747538477600938e+02
    4.9399361514061759e+01 4.0644263482494574e+02 6.5517503505705579e-02
    -1.8664062420416103e-02 -1.3330654827118749e+00
    -1.7940031626018430e+02 6.0026461609531736e+01
    3.9345696917028312e+02 1.3175526983561084e-01
    -1.6833550738104539e-01 -1.4082808105075155e+00
    -1.8816739508471338e+02 6.9723824475022127e+01
    3.7356303872591292e+02 -4.8764846511988946e-01
    -6.4047437495140261e-02 1.5265337322389962e+00
    -1.8394833242039257e+00 -4.9159654554319069e+01
    4.4671414458519291e+02 -6.4995235230204607e-01
    -6.6649619501032639e-02 1.3168381660117636e+00
    -3.0669122395366938e-01 -6.1382218146078500e+01
    4.7124380866213107e+02 -6.0551139290041900e-01
    -1.7666791655787423e-01 1.1917715155835320e+00
    2.2698103403672292e+01 -7.2521688080489625e+01
    4.7870003055998239e+02 -4.8146494574767390e-01
    -2.5067415353573130e-01 1.2122726036952285e+00
    5.4835780338876020e+01 -7.5860119859449455e+01
    4.7412600547425666e+02 -3.1008341319605842e-01
    -2.2479645311537347e-01 1.2989227920381770e+00
    9.2050353409917093e+01 -7.0144504738634353e+01
    4.5888220450446772e+02 -1.4744640534034623e-01
    -8.7379844181036267e-02 1.3569020359339163e+00
    1.1992273602796658e+02 -6.1156933721689860e+01
    4.3958943412573950e+02 2.4837067392889132e-02 1.8144381297583409e-01
    1.3935141607188219e+00 1.3856942169687002e+02
    -4.9219024346209132e+01 4.1420282922817620e+02
    8.2546421791542493e-02 3.4121783980284126e-01 1.4678858123838094e+00
    1.4999864515044439e+02 -3.9856260927732130e+01
    4.0267782927486189e+02 4.8897516481589770e-02 4.7621743232877972e-01
    1.6143996044989262e+00 1.6061745790826251e+02
    -2.8721789105100047e+01 3.9980571052771205e+02
    -4.4747556926463489e-01 1.4359920157303115e-03
    -1.3691383900322236e+00 -4.7665687005142146e+01
    7.9611683233177843e+01 4.2706703034317206e+02
    -3.0547579346247689e-01 2.6938735700003939e-02
    -1.3051379272507406e+00 -6.1453541337236658e+01
    6.1118398661369476e+01 4.3305106669837090e+02 1.0424104821466348e-02
    1.6321580570742397e-01 -1.3127643878200324e+00
    -6.4299558913592094e+01 4.6587170891169187e+01
    4.4954166292432859e+02 1.1420792916768038e-01 1.0674317068487749e-01
    -1.4227669866775259e+00 -4.9102913009021982e+01
    5.3568013570753386e+01 4.5074474408453665e+02
    -4.9737195144679079e-02 -2.0159368157976007e-01
    1.5267071867419524e+00 1.6676096305641926e+02
    -7.5613221627226949e+01 4.6671440580567395e+02
    -1.3703766526415889e-01 -2.7281548941694073e-01
    1.4095555469894527e+00 1.7024200840088136e+02
    -9.2640971265702348e+01 4.8661490937963890e+02
    -1.2621582290447542e-01 -3.4205117857244077e-01
    1.3447344712557501e+00 1.7385381294159350e+02
    -1.0753889406184143e+02 5.0328692391290139e+02
    -2.5187740607439137e-02 -3.0356691191481028e-01
    1.3547152207016118e+00 1.7663002075468756e+02
    -1.1871005736042358e+02 5.0630465179357407e+02
    1.2812432231138227e-01 -2.2357870095187385e-01
    1.3801812690458919e+00 1.7036922381708274e+02
    -1.2483995112673601e+02 5.0146938968353800e+02
    2.4817127077697165e-01 -1.0653048535854732e-01
    1.4502337422858265e+00 1.5308497204935023e+02
    -1.2464097223546555e+02 4.9808495882939940e+02
    2.1326016893165617e-01 2.0057724911198846e-01 1.5796911182549094e+00
    1.2705797984570624e+02 -1.2100421138281163e+02
    5.0040193581782194e+02 -3.3428149343708818e-01
    9.8463123129484811e-02 -1.3858558929803346e+00
    -1.2249066321469503e+02 -6.9193939699053404e+00
    5.3887825062613126e+02 -2.4923891927504555e-01
    -3.2506545087047332e-02 -1.3962592903937920e+00
    -1.8269609244784630e+02 -5.1253804342103599e+00
    5.2197820919586297e+02 -1.1572366360495115e-01
    -1.3473069939031701e-01 -1.4985859501757715e+00
    -2.0847972637884786e+02 4.4649530142277776e+00
    5.1061474053956152e+02 -1.9975579460234533e-01
    -4.6621987052824929e-02 1.4887099077749881e+00
    -3.6988374992250442e+01 -1.2912687252200277e+02
    5.4537306986917383e+02 -2.2542764741532148e-01
    -9.9671867588501925e-02 1.3316950894186312e+00
    -5.2597823211858511e+01 -1.4143141914918957e+02
    5.4532498538008576e+02 -1.6111665328959615e-01
    -1.0379560714980104e-01 1.2112624698171519e+00
    -6.0341038352652347e+01 -1.4812810539636629e+02
    5.3274733888684352e+02 -4.8657348034683016e-02
