================= Camera Calibration Report ====================
Number of images : 58
================= Estimated absolute Conic ====================
|       0.00000105       0.00000002      -0.00033913 |
|       0.00000002       0.00000108      -0.00038165 |
|      -0.00033913      -0.00038165       0.99999987 |

================= Estimated Instrinsic Parameters ====================
vo=348.218638
lamda=0.759126
alpha=851.893648
beta=838.497262
gamma=-14.011720
uo=318.392403
| | |     851.89364831     -14.01172012     318.39240260 |
| K | = |       0.00000000     838.49726198     348.21863804 |
| | |       0.00000000       0.00000000       1.00000000 |

| | |      -0.99973278      -0.02133264       0.00890413     404.73738655 |
| R | t | = |       0.01880035      -0.97446035      -0.22377126     589.71926332 |
| | |       0.01345035      -0.22354406       0.97460102   -2182.05943052 |
errors(dtd) = 513925.775230 pixels

| | |      -0.99835629      -0.00348625       0.05720631     273.70213727 |
| R | t | = |      -0.00897522      -0.97632266      -0.21613307     439.26848891 |
| | |       0.05660531      -0.21629124       0.97468658   -1389.70484205 |
errors(dtd) = 934405.736975 pixels

| | |      -0.97622661       0.14632579       0.15990736     437.30507978 |
| R | t | = |      -0.21488756      -0.74992894      -0.62564361     425.34344601 |
| | |       0.02837136      -0.64513204       0.76354418   -1113.07130758 |
errors(dtd) = 159354.451025 pixels

| | |      -0.94911264      -0.07307629      -0.30634140     227.10321757 |
| R | t | = |       0.16073161      -0.94888497      -0.27162965     487.45372678 |
| | |      -0.27083306      -0.30704588       0.91234439   -1612.96434532 |
errors(dtd) = 1099325.032063 pixels

| | |      -0.99489586       0.04893295      -0.08824847     395.28256113 |
| R | t | = |      -0.01303883      -0.92956164      -0.36843607     218.85757937 |
| | |      -0.10006105      -0.36540487       0.92545506   -1852.55264774 |
errors(dtd) = 660457.915271 pixels

| | |      -0.98590240       0.10781019      -0.12795864    -146.10391455 |
| R | t | = |      -0.13410200      -0.96647931       0.21893925     879.31836951 |
| | |      -0.10006549       0.23301224       0.96731184   -2128.05950855 |
errors(dtd) = 3027158.942614 pixels

| | |      -0.98583581       0.10254306       0.13271274     -91.60690111 |
| R | t | = |      -0.12997270      -0.96722452      -0.21813717     749.69066268 |
| | |       0.10599456      -0.23229647       0.96685237   -1899.11863347 |
errors(dtd) = 2779852.140570 pixels

| | |      -0.96935365      -0.09412860       0.22692138     -58.99777569 |
| R | t | = |      -0.08463022      -0.73920140      -0.66814596     343.74128662 |
| | |       0.23063225      -0.66687413       0.70858145   -1929.83808075 |
errors(dtd) = 2528419.764763 pixels

| | |      -0.94804306       0.19880963       0.24837289     -38.25894634 |
| R | t | = |      -0.21049407      -0.97736681      -0.02112752     475.99086997 |
| | |       0.23855107      -0.07231082       0.96843406   -1972.66536702 |
errors(dtd) = 2042077.467985 pixels

| | |      -0.83638726      -0.30598235      -0.45478694       9.06988135 |
| R | t | = |       0.38048922      -0.92132950      -0.07987426     411.67596085 |
| | |      -0.39456851      -0.23984734       0.88701124   -1416.61812191 |
errors(dtd) = 2697138.105378 pixels

| | |      -0.96220869      -0.15488262       0.22397726      42.20404439 |
| R | t | = |       0.09244322      -0.95943988      -0.26632567     785.74574228 |
| | |       0.25614194      -0.23555570       0.93749924   -2112.43336429 |
errors(dtd) = 2302666.673151 pixels

| | |      -0.96484629      -0.11007431       0.23865306     635.09896765 |
| R | t | = |       0.20442265      -0.88502830       0.41825385     754.98548813 |
| | |       0.16517571       0.45233677       0.87641795   -2277.44556212 |
errors(dtd) = 465538.243084 pixels

| | |      -0.98430066      -0.17103809      -0.04356817     649.16390284 |
| R | t | = |       0.12009205      -0.46810551      -0.87547423     294.38402579 |
| | |       0.12934494      -0.86696205       0.48129688   -2067.88106307 |
errors(dtd) = 151694.526444 pixels

| | |      -0.92888822       0.22872280       0.29129461     602.84982131 |
| R | t | = |      -0.22877882      -0.97287196       0.03435712     391.79846719 |
| | |       0.29125061      -0.03472811       0.95601623   -2293.38441227 |
errors(dtd) = 160810.998276 pixels

| | |      -0.95513904      -0.25047615       0.15802250     696.39109692 |
| R | t | = |       0.23961752      -0.96716594      -0.08469648     102.27895932 |
| | |       0.17404843      -0.04303195       0.98379642   -2341.24290687 |
errors(dtd) = 417504.977329 pixels

| | |      -0.96051190       0.13722184       0.24204765     651.70210940 |
| R | t | = |      -0.16006097      -0.98407802      -0.07727183     374.03399009 |
| | |       0.22759038      -0.11296290       0.96718251   -2301.52286897 |
errors(dtd) = 152139.517754 pixels

| | |      -0.98006377       0.16232975       0.11456028     837.59780194 |
| R | t | = |      -0.19868177      -0.80290248      -0.56202595     274.85615137 |
| | |       0.00074720      -0.57358231       0.81914759   -2453.38135287 |
errors(dtd) = 213836.220054 pixels

| | |      -0.97852287      -0.08872558       0.18606656     942.58580960 |
| R | t | = |      -0.04896465      -0.77675341      -0.62789856     342.07002274 |
| | |       0.20023850      -0.62352378       0.75572656   -2468.57317900 |
errors(dtd) = 99909.181248 pixels

| | |      -0.88463687       0.10912079       0.45333240     705.80141996 |
| R | t | = |      -0.38628986      -0.71602219      -0.58145711     724.30985515 |
| | |       0.26114700      -0.68949611       0.67557188   -2254.20111602 |
errors(dtd) = 80800.824156 pixels

| | |      -0.97597299      -0.16210751      -0.14559494     867.02706670 |
| R | t | = |       0.17869416      -0.97783587      -0.10911188     839.43042438 |
| | |      -0.12468010      -0.13250722       0.98330906   -2443.31933409 |
errors(dtd) = 280075.218483 pixels

| | |      -0.87705150      -0.09341487       0.47122641     683.08865557 |
| R | t | = |       0.03464641      -0.99065718      -0.13190140     932.19920102 |
| | |       0.47914538      -0.09935802       0.87209385   -2398.13920872 |
errors(dtd) = 543796.105808 pixels

| | |      -0.84849968       0.14536599       0.50883889     685.26905101 |
| R | t | = |      -0.16443327      -0.98635902       0.00758881     819.61083188 |
| | |       0.50300098      -0.07723094       0.86082832   -2206.81366505 |
errors(dtd) = 250483.944796 pixels

| | |      -0.88457086       0.06135836       0.46235220     694.48857731 |
| R | t | = |      -0.02159367      -0.99563348       0.09081673     746.17558189 |
| | |       0.46590569       0.07034995       0.88203332   -2259.96950863 |
errors(dtd) = 192607.791056 pixels

| | |      -0.98712479      -0.14327465      -0.07111273     917.44577525 |
| R | t | = |       0.13663043      -0.98644624       0.09086217     639.88243265 |
| | |      -0.08316713       0.07997614       0.99332122   -2331.99229554 |
errors(dtd) = 75975.433171 pixels

| | |      -0.97381883      -0.18976120      -0.12517017     619.26496769 |
| R | t | = |       0.21483441      -0.58822417      -0.77963999     246.61312106 |
| | |       0.07431731      -0.78611896       0.61359101   -2000.51152827 |
errors(dtd) = 193542.329757 pixels

| | |      -0.99770108      -0.05014474       0.04558583    -119.98541055 |
| R | t | = |       0.02748148      -0.91425040      -0.40421650    1072.86843658 |
| | |       0.06194620      -0.40203448       0.91352665   -3054.43812826 |
errors(dtd) = 2288714.008777 pixels

| | |      -0.99326034       0.02353049       0.11349102     171.59621477 |
| R | t | = |      -0.10514149      -0.59499268      -0.79682431     672.38127598 |
| | |       0.04877666      -0.80338660       0.59345666   -2651.56459879 |
errors(dtd) = 1122858.569966 pixels

| | |      -0.97615813       0.06005439      -0.20858758      85.78637476 |
| R | t | = |       0.10239542      -0.71991646      -0.68646592     162.62293428 |
| | |      -0.19139093      -0.69145770       0.69660301   -2618.19178350 |
errors(dtd) = 1469333.333568 pixels

| | |      -0.94264330      -0.33363805       0.01045285     661.10994366 |
| R | t | = |       0.31080110      -0.88868274      -0.33711373     141.14670532 |
| | |       0.12176324      -0.31452924       0.94140590   -2996.31975030 |
errors(dtd) = 469902.426701 pixels

| | |      -0.94819828      -0.10087821      -0.30123679     642.24645256 |
| R | t | = |       0.09733039      -0.99489112       0.02680392     396.67769333 |
| | |      -0.30240174      -0.00390406       0.95317257   -2795.19843369 |
errors(dtd) = 249054.330131 pixels

| | |      -0.82109422      -0.33177512      -0.46446696     551.14161517 |
| R | t | = |       0.29028019      -0.94335409       0.16068749     752.86119278 |
| | |      -0.49146892      -0.00288599       0.87089033   -2428.55769635 |
errors(dtd) = 484857.886698 pixels

| | |      -0.99087155      -0.05399346      -0.12352439     905.37180328 |
| R | t | = |       0.10587657      -0.87888268      -0.46514017    1064.41392731 |
| | |      -0.08344892      -0.47397250       0.87657649   -2903.55186331 |
errors(dtd) = 422548.814325 pixels

| | |      -0.99491377       0.00910782       0.10031770     992.69054345 |
| R | t | = |      -0.03035661      -0.97671333      -0.21239009     755.54611765 |
| | |       0.09604722      -0.21435513       0.97202202   -2843.91689737 |
errors(dtd) = 60225.123233 pixels

| | |      -0.99179967      -0.01942444       0.12631747     943.65405438 |
| R | t | = |      -0.03063754      -0.92342483      -0.38255447     182.92212271 |
| | |       0.12407560      -0.38328746       0.91525732   -3035.54003103 |
errors(dtd) = 316981.945279 pixels

| | |      -0.98705417      -0.16031834       0.00470062     819.83768680 |
| R | t | = |       0.15347242      -0.95260616      -0.26265512      31.50453158 |
| | |       0.04658627      -0.25853342       0.96487833   -3026.39984812 |
errors(dtd) = 526310.526693 pixels

| | |      -0.95760997       0.04039427       0.28522174    1108.78336315 |
| R | t | = |       0.07796675      -0.91682154       0.39161136     290.08086007 |
| | |       0.27731629       0.39724876       0.87480804   -3086.92464261 |
errors(dtd) = 207872.955871 pixels

| | |      -0.93764048      -0.26039902      -0.23026655     841.36244475 |
| R | t | = |       0.29158498      -0.94982151      -0.11321351      52.05977442 |
| | |      -0.18923143      -0.17329584       0.96651954   -3006.98037696 |
errors(dtd) = 431039.637162 pixels

| | |      -0.99737561      -0.04929208      -0.05303011    1087.04764748 |
| R | t | = |       0.06266552      -0.95457463      -0.29130793     253.54420938 |
| | |      -0.03626202      -0.29386658       0.95515836   -3233.20200218 |
errors(dtd) = 214580.948932 pixels

| | |      -0.97628817      -0.17809724      -0.12305603     125.02835677 |
| R | t | = |       0.17849202      -0.98390966       0.00789844     187.49027757 |
| | |      -0.12248270      -0.01425337       0.99236829   -2879.26054320 |
errors(dtd) = 1519218.683788 pixels

| | |      -0.84289779      -0.04755935      -0.53596775    -197.75272336 |
| R | t | = |       0.13981347      -0.98123073      -0.13280981     251.96381270 |
| | |      -0.51959168      -0.18688061       0.83372665   -2328.62221896 |
errors(dtd) = 2564949.382541 pixels

| | |      -0.98748389       0.14429254      -0.06368070    -498.47677487 |
| R | t | = |      -0.11621497      -0.93864195      -0.32472352     470.75217611 |
| | |      -0.10662856      -0.31325859       0.94366276   -2929.26366092 |
errors(dtd) = 3360692.804697 pixels

| | |      -0.88563413      -0.13900998      -0.44308962    -361.25798875 |
| R | t | = |       0.30764756      -0.89035664      -0.33558611     892.08278849 |
| | |      -0.34785797      -0.43352195       0.83129631   -2477.44293493 |
errors(dtd) = 3653366.978280 pixels

| | |      -0.92603513      -0.31239010      -0.21182862    -343.50519106 |
| R | t | = |       0.37715184      -0.74403878      -0.55150955     466.38822121 |
| | |       0.01467741      -0.59060878       0.80682455   -2822.20237416 |
errors(dtd) = 3134456.572046 pixels

| | |      -0.81060829      -0.28079131      -0.51387784    -324.25907794 |
| R | t | = |       0.47990208      -0.82141273      -0.30818035     105.05123606 |
| | |      -0.33557144      -0.49642459       0.80059630   -2402.04375691 |
errors(dtd) = 3347353.063502 pixels

| | |      -0.97748884       0.03230877      -0.20849872    -165.03555606 |
| R | t | = |      -0.06206102      -0.98851713       0.13777630     155.52142939 |
| | |      -0.20165318       0.14761444       0.96826958   -2839.73183929 |
errors(dtd) = 2495459.681042 pixels

| | |      -0.95725167      -0.08697105       0.27587185    -322.14431794 |
| R | t | = |       0.17877474      -0.92764862       0.32788357      -6.83749187 |
| | |       0.22739576       0.36318601       0.90354141   -3364.34493751 |
errors(dtd) = 3061746.205997 pixels

| | |      -0.95699030      -0.03571657      -0.28791298    -155.44702433 |
| R | t | = |       0.00644106      -0.99476412       0.10199445     122.12422317 |
| | |      -0.29004840       0.09575323       0.95220966   -2808.49899042 |
errors(dtd) = 2511761.577817 pixels

| | |      -0.95943062      -0.22620125       0.16830294    1049.88093235 |
| R | t | = |       0.21144363      -0.97213645      -0.10120433     140.85639547 |
| | |       0.18650597      -0.06151194       0.98052629   -3364.29502834 |
errors(dtd) = 298660.025693 pixels

| | |      -0.85030986       0.04165861       0.52463101     829.12718361 |
| R | t | = |      -0.26245342      -0.89762460      -0.35410209    1090.98739956 |
| | |       0.45617030      -0.43878770       0.77419249   -2908.81738480 |
errors(dtd) = 356040.442625 pixels

| | |      -0.97038239      -0.07013043       0.23117038     842.34640994 |
| R | t | = |       0.11491714      -0.97573438       0.18637724    1260.89347813 |
| | |       0.21249017       0.20742263       0.95489464   -3237.39181930 |
errors(dtd) = 720690.406694 pixels

| | |      -0.92765151      -0.31221709      -0.20489794     100.83558915 |
| R | t | = |       0.30765121      -0.94993025       0.05461911     989.80728323 |
| | |      -0.21169177      -0.01236960       0.97725820   -2835.06445222 |
errors(dtd) = 1873395.078233 pixels

| | |      -0.97065088      -0.22822290       0.07583652    -286.15632599 |
| R | t | = |       0.23326024      -0.97017920       0.06589366    1009.14097385 |
| | |       0.05853658       0.08164939       0.99494062   -3129.16733385 |
errors(dtd) = 3062550.411403 pixels

| | |      -0.92823842       0.33860934       0.15400373    -206.26683592 |
| R | t | = |      -0.29550288      -0.92269198       0.24762384    1377.34743996 |
| | |       0.22594575       0.18434542       0.95653818   -3187.65485539 |
errors(dtd) = 2603885.208652 pixels

| | |      -0.99840158       0.03905693       0.04085146     159.03988853 |
| R | t | = |      -0.02715054      -0.96538257       0.25942118     377.87290711 |
| | |       0.04956948       0.25789738       0.96489990   -2161.94932597 |
errors(dtd) = 1279493.581549 pixels

| | |      -0.93705040       0.04592965       0.34616038     229.10752862 |
| R | t | = |      -0.10032182      -0.98492979      -0.14088591     850.83145512 |
| | |       0.33447283      -0.16674464       0.92753660   -2120.29237369 |
errors(dtd) = 1278085.196200 pixels

| | |      -0.97856912      -0.20534787       0.01532074     810.56582190 |
| R | t | = |       0.20523989      -0.96660449       0.15346773     749.81453966 |
| | |      -0.01670517       0.15332321       0.98803488   -2139.36640897 |
errors(dtd) = 326539.408127 pixels

| | |      -0.88462984      -0.10317941       0.45473515     601.56849318 |
| R | t | = |      -0.18247461      -0.82083729      -0.54122931     805.89801467 |
| | |       0.42910729      -0.56176522       0.70730953   -2006.03221269 |
errors(dtd) = 413507.249290 pixels

| | |      -0.98462431       0.10999974       0.13570195     700.28336425 |
| R | t | = |      -0.08852871      -0.98390710       0.15520785     511.26007686 |
| | |       0.15059094       0.14080791       0.97851699   -1937.70057279 |
errors(dtd) = 787.652521 pixels

