================= Camera Calibration Report ====================
Number of images : 58
Image size : 640 X 480 pixel
Line detection method : the Hough transformation
Point detection method : intersecting lines acquired by the Hough transformation


================= Estimated absolute Conic ====================
|       0.66143344       0.01259130       0.00002653 |
|       0.01259130       0.74989815       0.00018943 |
|       0.00002653       0.00018943       0.00000028 |

================= Estimated Instrinsic Parameters ====================
vo=-0.000252
lamda=0.000000
alpha=0.000596
beta=0.000560
gamma=-0.000011
uo=-0.000035
| | |       0.00059644      -0.00001066      -0.00003532 |
| K | = |       0.00000000       0.00056024      -0.00025201 |
| | |       0.00000000       0.00000000       1.00000000 |

| | |       0.99316356       0.05865989       0.10092151       0.00001888 |
| R | t | = |      -0.06574791       0.99548907       0.06840122       0.00000183 |
| | |      -0.09645385      -0.07456898       0.99254024       0.00023872 |
errors(dtd) = 1644069.305449 pixels

| | |       0.99450276       0.04532645       0.09439160       0.00006120 |
| R | t | = |      -0.04982766       0.99770312       0.04588770       0.00000246 |
| | |      -0.09209487      -0.05033876       0.99447702       0.00036443 |
errors(dtd) = 1644079.025285 pixels

| | |       0.99894329      -0.04544374      -0.00686843       0.00015672 |
| R | t | = |       0.04554589       0.99884154       0.01552890      -0.00041695 |
| | |       0.00615478      -0.01582532       0.99985583       0.00044605 |
errors(dtd) = 1644873.613150 pixels

| | |       0.98541062       0.11714013       0.12346697      -0.00016299 |
| R | t | = |      -0.12430902       0.99087856       0.05202832      -0.00002398 |
| | |      -0.11624617      -0.06661732       0.99098384       0.00034279 |
errors(dtd) = 1644065.636060 pixels

| | |       0.99611870       0.01169893       0.08723915      -0.00003208 |
| R | t | = |      -0.02440049       0.98898565       0.14598628      -0.00008040 |
| | |      -0.08457038      -0.14754835       0.98543256       0.00031337 |
errors(dtd) = 1644057.440958 pixels

| | |       0.97008189      -0.08999986       0.22547981      -0.00005023 |
| R | t | = |       0.09309708       0.99565215      -0.00311888       0.00023547 |
| | |      -0.22421876       0.02401709       0.97424285       0.00025127 |
errors(dtd) = 1644064.720666 pixels

| | |       0.97506814      -0.04956420       0.21629959       0.00007939 |
| R | t | = |       0.04949569       0.99875786       0.00573724       0.00000036 |
| | |      -0.21631528       0.00511170       0.97631018       0.00024946 |
errors(dtd) = 1644062.136439 pixels

| | |       0.97523423       0.05512639       0.21419449       0.00014410 |
| R | t | = |      -0.08049210       0.99049205       0.11156402      -0.00029649 |
| | |      -0.20600781      -0.12604201       0.97039899       0.00026540 |
errors(dtd) = 1644046.768167 pixels

| | |       0.96797696      -0.14213782       0.20692378       0.00013794 |
| R | t | = |       0.12803242       0.98852989       0.08010220       0.00009233 |
| | |      -0.21593589      -0.05104413       0.97507240       0.00022329 |
errors(dtd) = 1644053.977844 pixels

| | |       0.92631723       0.32391123       0.19240039      -0.00027973 |
| R | t | = |      -0.33992833       0.93877401       0.05614347       0.00010181 |
| | |      -0.16243499      -0.11740900       0.97970914       0.00036835 |
errors(dtd) = 1644047.724890 pixels

| | |       0.96144249       0.20508070       0.18322183       0.00010618 |
| R | t | = |      -0.21169062       0.97718780       0.01706130      -0.00002850 |
| | |      -0.17554319      -0.05518980       0.98292353       0.00021629 |
errors(dtd) = 1644055.319898 pixels

| | |       0.98748245       0.14893054       0.05194321       0.00016260 |
| R | t | = |      -0.15103091       0.98775336       0.03915301       0.00036002 |
| | |      -0.04547600      -0.04650794       0.99788223       0.00018845 |
errors(dtd) = 1644105.379392 pixels

| | |       0.93550962       0.35174398       0.03313507      -0.00002797 |
| R | t | = |      -0.35291339       0.92597046       0.13427899      -0.00049579 |
| | |       0.01654973      -0.13731309       0.99038943       0.00029574 |
errors(dtd) = 1644078.407478 pixels

| | |       0.97641073      -0.20723514       0.06062733       0.00014268 |
| R | t | = |       0.19902944       0.97268875       0.11943145       0.00010120 |
| | |      -0.08372192      -0.10454753       0.99098963       0.00018248 |
errors(dtd) = 1644066.921791 pixels

| | |       0.96412785       0.26211327       0.04188233       0.00008225 |
| R | t | = |      -0.26528358       0.94610906       0.18574786       0.00005794 |
| | |       0.00906173      -0.19019537       0.98170444       0.00020725 |
errors(dtd) = 1644061.828343 pixels

| | |       0.99217048      -0.11453609       0.04979185       0.00012017 |
| R | t | = |       0.10766252       0.98644888       0.12380384       0.00005339 |
| | |      -0.06329713      -0.11747380       0.99105670       0.00019847 |
errors(dtd) = 1644068.274519 pixels

| | |       0.99598115      -0.08767391       0.01829860       0.00006078 |
| R | t | = |       0.08395497       0.98508358       0.15020619      -0.00017755 |
| | |      -0.03119481      -0.14806628       0.98848534       0.00024330 |
errors(dtd) = 1644068.541060 pixels

| | |       0.98611026       0.16606157      -0.00317827       0.00008772 |
| R | t | = |      -0.16407356       0.97692242       0.13675694      -0.00020705 |
| | |       0.02581500      -0.13433595       0.99059953       0.00021650 |
errors(dtd) = 1644091.682170 pixels

| | |       0.99326871      -0.11068698       0.03414183       0.00021884 |
| R | t | = |       0.10913341       0.99303347       0.04443447      -0.00021489 |
| | |      -0.03882230      -0.04040936       0.99842872       0.00018378 |
errors(dtd) = 1644127.007447 pixels

| | |       0.98543626       0.16957831       0.01259268      -0.00004357 |
| R | t | = |      -0.16991560       0.98487230       0.03398888       0.00004589 |
| | |      -0.00663841      -0.03563357       0.99934287       0.00021683 |
errors(dtd) = 1644200.576965 pixels

| | |       0.97955705       0.19515842       0.04879731       0.00020316 |
| R | t | = |      -0.19593989       0.98054571       0.01173336       0.00001036 |
| | |      -0.04555813      -0.02105483       0.99873978       0.00015284 |
errors(dtd) = 1644135.106968 pixels

| | |       0.99793065      -0.05355450       0.03558552       0.00023671 |
| R | t | = |       0.05285994       0.99839800       0.02018089       0.00007210 |
| | |      -0.03660929      -0.01825808       0.99916285       0.00014973 |
errors(dtd) = 1644171.747072 pixels

| | |       0.99881860       0.03118294       0.03726978       0.00022714 |
| R | t | = |      -0.03267539       0.99866006       0.04012995       0.00011679 |
| | |      -0.03596847      -0.04130034       0.99849915       0.00015446 |
errors(dtd) = 1644125.609656 pixels

| | |       0.99381941       0.11072570      -0.00792415      -0.00001263 |
| R | t | = |      -0.10993502       0.99159978       0.06814813       0.00013893 |
| | |       0.01540334      -0.06685579       0.99764374       0.00022082 |
errors(dtd) = 1644171.110854 pixels

| | |       0.92669356       0.37413594       0.03551537      -0.00007157 |
| R | t | = |      -0.37520458       0.91564452       0.14427969      -0.00037860 |
| | |       0.02146076      -0.14702859       0.98889940       0.00031299 |
errors(dtd) = 1644075.244735 pixels

| | |       0.97356103       0.08142473       0.21342196       0.00002183 |
| R | t | = |      -0.08903723       0.99568137       0.02628640      -0.00005883 |
| | |      -0.21035991      -0.04459392       0.97660642       0.00016430 |
errors(dtd) = 1644054.068952 pixels

| | |       0.98654839      -0.00241624       0.16345165       0.00005455 |
| R | t | = |      -0.00999344       0.99712911       0.07505778      -0.00031146 |
| | |      -0.16316375      -0.07568157       0.98369197       0.00021049 |
errors(dtd) = 1644057.059910 pixels

| | |       0.98157176       0.05274130       0.18367154      -0.00009536 |
| R | t | = |      -0.08493678       0.98141010       0.17210452      -0.00024964 |
| | |      -0.17118009      -0.18453341       0.96780411       0.00026904 |
errors(dtd) = 1644045.212890 pixels

| | |       0.92406417       0.37302175       0.08342777       0.00001221 |
| R | t | = |      -0.38216874       0.90575954       0.18315763      -0.00004296 |
| | |      -0.00724372      -0.20113289       0.97953718       0.00018573 |
errors(dtd) = 1644054.216540 pixels

| | |       0.99329056       0.08504158       0.07836963      -0.00009526 |
| R | t | = |      -0.09501894       0.98642852       0.13390359       0.00009741 |
| | |      -0.06591866      -0.14045177       0.98789070       0.00019201 |
errors(dtd) = 1644060.739432 pixels

| | |       0.96293334       0.25792277       0.07896351      -0.00017573 |
| R | t | = |      -0.26217792       0.96376607       0.04917013       0.00016114 |
| | |      -0.06342026      -0.06805005       0.99566413       0.00020512 |
errors(dtd) = 1644077.891953 pixels

| | |       0.98757348       0.15338283       0.03423933      -0.00005424 |
| R | t | = |      -0.15422605       0.98775599       0.02350371      -0.00006536 |
| | |      -0.03021504      -0.02849223       0.99913725       0.00018581 |
errors(dtd) = 1644152.902450 pixels

| | |       0.99934763       0.03275830       0.01520584       0.00004483 |
| R | t | = |      -0.03377455       0.99681489       0.07224512       0.00000135 |
| | |      -0.01279078      -0.07271156       0.99727099       0.00017678 |
errors(dtd) = 1644115.444219 pixels

| | |       0.99743974       0.06259587       0.03457931       0.00005271 |
| R | t | = |      -0.06775747       0.98185946       0.17709015      -0.00006244 |
| | |      -0.02286691      -0.17897976       0.98358698       0.00018079 |
errors(dtd) = 1644061.639920 pixels

| | |       0.97888007       0.19654635       0.05624359       0.00001423 |
| R | t | = |      -0.20395821       0.95769473       0.20303164      -0.00001055 |
| | |      -0.01395906      -0.21021497       0.97755553       0.00018281 |
errors(dtd) = 1644055.675987 pixels

| | |       0.99870131      -0.05020410       0.00867443       0.00011361 |
| R | t | = |       0.04817760       0.98598569       0.15972208       0.00020371 |
| | |      -0.01657157      -0.15909674       0.98712391       0.00011217 |
errors(dtd) = 1644068.302618 pixels

| | |       0.95441591       0.29403521       0.05131835      -0.00006542 |
| R | t | = |      -0.29828609       0.93339730       0.19948654       0.00004288 |
| | |       0.01075566      -0.20570067       0.97855585       0.00018636 |
errors(dtd) = 1644058.462499 pixels

| | |       0.99442577       0.10334939       0.02088759      -0.00000883 |
| R | t | = |      -0.10539238       0.98017861       0.16775681      -0.00001878 |
| | |      -0.00313600      -0.16902309       0.98560710       0.00017497 |
errors(dtd) = 1644067.631299 pixels

| | |       0.96549164       0.19006279       0.17805063      -0.00003130 |
| R | t | = |      -0.22054981       0.96029267       0.17086767       0.00008073 |
| | |      -0.13850513      -0.20424034       0.96907286       0.00018182 |
errors(dtd) = 1644044.349745 pixels

| | |       0.96565557       0.09069424       0.24348281      -0.00021243 |
| R | t | = |      -0.12888698       0.98088236       0.14580105       0.00004124 |
| | |      -0.22560468      -0.17217536       0.95888382       0.00023421 |
errors(dtd) = 1644042.534619 pixels

| | |       0.95129657      -0.11945877       0.28419085      -0.00000820 |
| R | t | = |       0.08915671       0.98908436       0.11731671      -0.00004091 |
| | |      -0.29510323      -0.08626547       0.95156311       0.00018652 |
errors(dtd) = 1644044.618740 pixels

| | |       0.94693875       0.18224088       0.26475509      -0.00015119 |
| R | t | = |      -0.19461088       0.98065495       0.02103515      -0.00003436 |
| | |      -0.25579993      -0.07144322       0.96408623       0.00021455 |
errors(dtd) = 1644046.290040 pixels

| | |       0.88576813       0.38464477       0.25973682      -0.00010014 |
| R | t | = |      -0.42406449       0.89816231       0.11607661      -0.00013056 |
| | |      -0.18863756      -0.21296212       0.95867774       0.00023030 |
errors(dtd) = 1644039.052487 pixels

| | |       0.87552698       0.40048742       0.27030046      -0.00022962 |
| R | t | = |      -0.45414057       0.87309012       0.17739783      -0.00003452 |
| | |      -0.16495106      -0.27807099       0.94629154       0.00026796 |
errors(dtd) = 1644037.041408 pixels

| | |       0.97258193      -0.02535610       0.23117409      -0.00005821 |
| R | t | = |      -0.01565417       0.98464608       0.17385925       0.00013207 |
| | |      -0.23203306      -0.17271120       0.95725206       0.00017750 |
errors(dtd) = 1644042.644916 pixels

| | |       0.95275471       0.17029703       0.25151021       0.00009706 |
| R | t | = |      -0.22380207       0.95342269       0.20223207       0.00016094 |
| | |      -0.20535601      -0.24896606       0.94649079       0.00010270 |
errors(dtd) = 1644038.423780 pixels

| | |       0.97243182       0.03918902       0.22987076      -0.00008966 |
| R | t | = |      -0.08201958       0.98026837       0.17985189       0.00012276 |
| | |      -0.21828682      -0.19374761       0.95645843       0.00018312 |
errors(dtd) = 1644041.919936 pixels

| | |       0.97061431       0.23824083       0.03389930       0.00005998 |
| R | t | = |      -0.24033116       0.95255934       0.18673947       0.00003417 |
| | |       0.01219788      -0.18939906       0.98182443       0.00014432 |
errors(dtd) = 1644063.267218 pixels

| | |       0.99881757       0.00010529       0.04861534       0.00017212 |
| R | t | = |      -0.00098948       0.99983454       0.01816378      -0.00006725 |
| | |      -0.04860538      -0.01819041       0.99865240       0.00011950 |
errors(dtd) = 1644143.837397 pixels

| | |       0.98980921       0.12849658       0.06137057       0.00009388 |
| R | t | = |      -0.12941233       0.99152794       0.01117089       0.00013188 |
| | |      -0.05941521      -0.01899916       0.99805254       0.00013902 |
errors(dtd) = 1644121.421990 pixels

| | |       0.94593476       0.26446303       0.18779440      -0.00001695 |
| R | t | = |      -0.27346322       0.96160088       0.02327271       0.00010718 |
| | |      -0.17442849      -0.07336933       0.98193261       0.00016693 |
errors(dtd) = 1644052.011667 pixels

| | |       0.94324447       0.21984009       0.24891808       0.00006115 |
| R | t | = |      -0.23433594       0.97169884       0.02979983       0.00005222 |
| | |      -0.23532221      -0.08643897       0.96806599       0.00013799 |
errors(dtd) = 1644045.742027 pixels

| | |       0.95057125      -0.22293997       0.21612975       0.00013053 |
| R | t | = |       0.23072954       0.97295379      -0.01117188       0.00014744 |
| | |      -0.20779360       0.06048718       0.97630073       0.00011506 |
errors(dtd) = 1644080.538152 pixels

| | |       0.98687328      -0.01757745       0.16053710       0.00003677 |
| R | t | = |      -0.00100591       0.99337084       0.11494939       0.00023459 |
| | |      -0.16149339      -0.11360197       0.98031346       0.00021461 |
errors(dtd) = 1644052.096167 pixels

| | |       0.98986346       0.03102004       0.13859327       0.00016590 |
| R | t | = |      -0.03189278       0.99948297       0.00408025       0.00002131 |
| | |      -0.13839505      -0.00845902       0.99034098       0.00019382 |
errors(dtd) = 1644077.797985 pixels

| | |       0.98376297       0.17947237       0.00028442       0.00002615 |
| R | t | = |      -0.17939549       0.98329263       0.03086842       0.00018632 |
| | |       0.00526036      -0.03041823       0.99952342       0.00023680 |
errors(dtd) = 1644318.285194 pixels

| | |       0.98808048       0.14836348       0.04105177       0.00021669 |
| R | t | = |      -0.14871628       0.98886370       0.00566107      -0.00018602 |
| | |      -0.03975471      -0.01169866       0.99914098       0.00017921 |
errors(dtd) = 1644172.158711 pixels

| | |       0.99364314      -0.11223684       0.00872897       0.00009410 |
| R | t | = |       0.11130424       0.99108335       0.07324721       0.00019447 |
| | |      -0.01687217      -0.07181002       0.99727561       0.00023441 |
errors(dtd) = 1644115.182105 pixels

errors(dtd) = 1644156.716303 pixels

errors(dtd) = 1644091.014328 pixels

errors(dtd) = 1644873.613150 pixels

errors(dtd) = 1644003.769478 pixels

errors(dtd) = 1644009.823516 pixels

errors(dtd) = 1644064.720666 pixels

errors(dtd) = 1644066.289868 pixels

errors(dtd) = 1644046.768167 pixels

errors(dtd) = 1644032.740088 pixels

errors(dtd) = 1643958.959100 pixels

errors(dtd) = 1644090.003423 pixels

errors(dtd) = 1644105.379392 pixels

errors(dtd) = 1644027.039801 pixels

errors(dtd) = 1644031.477281 pixels

errors(dtd) = 1644037.531143 pixels

errors(dtd) = 1644036.361396 pixels

errors(dtd) = 1644068.541060 pixels

errors(dtd) = 1644091.682170 pixels

errors(dtd) = 1644127.007447 pixels

errors(dtd) = 1644200.576965 pixels

errors(dtd) = 1644046.558200 pixels

errors(dtd) = 1644171.747072 pixels

errors(dtd) = 1644125.609656 pixels

errors(dtd) = 1644171.110854 pixels

errors(dtd) = 1644024.835488 pixels

errors(dtd) = 1644054.068952 pixels

errors(dtd) = 1644021.039736 pixels

errors(dtd) = 1644020.724677 pixels

errors(dtd) = 1644054.216540 pixels

errors(dtd) = 1644060.739432 pixels

errors(dtd) = 1644077.891953 pixels

errors(dtd) = 1644017.110680 pixels

errors(dtd) = 1644075.233946 pixels

errors(dtd) = 1644061.639920 pixels

errors(dtd) = 1644055.675987 pixels

errors(dtd) = 1644068.302618 pixels

errors(dtd) = 1644058.462499 pixels

errors(dtd) = 1644001.055436 pixels

errors(dtd) = 1644044.349745 pixels

errors(dtd) = 1643982.197091 pixels

errors(dtd) = 1644011.843051 pixels

errors(dtd) = 1644009.206667 pixels

errors(dtd) = 1644017.519525 pixels

errors(dtd) = 1644008.921628 pixels

errors(dtd) = 1644042.644916 pixels

errors(dtd) = 1644026.754177 pixels

errors(dtd) = 1644041.919936 pixels

errors(dtd) = 1644039.691330 pixels

errors(dtd) = 1644227.256518 pixels

errors(dtd) = 1644121.421990 pixels

errors(dtd) = 1644052.011667 pixels

errors(dtd) = 1644034.926839 pixels

errors(dtd) = 1644080.538152 pixels

errors(dtd) = 1644052.096167 pixels

errors(dtd) = 1644041.761398 pixels

errors(dtd) = 1644318.285194 pixels

errors(dtd) = 1644172.158711 pixels

errors(dtd) = 1644115.182105 pixels

Improvement = ( sum of initial errors ) / (sum of refined errors)= -9835285069954758323201274179685704702884355493873614839231548843874536692818714292216736256850952553994069996667370733568.000000.
