================= Camera Calibration Report ====================
Number of images : 36
================= Estimated absolute Conic ====================
|       0.00000027       0.00000000      -0.00008245 |
|       0.00000000       0.00000027      -0.00001950 |
|      -0.00008245      -0.00001950       1.00000000 |

================= Estimated Instrinsic Parameters ====================
vo=72.371049
lamda=0.973088
alpha=1911.254408
beta=1912.517561
gamma=-5.746300
uo=309.292976
| | |    1911.25440845      -5.74629991     309.29297608 |
| K | = |       0.00000000    1912.51756097      72.37104920 |
| | |       0.00000000       0.00000000       1.00000000 |

Errors with initial K
| | |      -0.99491939      -0.02608039       0.09723791     212.56946948 |
| R | t | = |       0.03256123      -0.99731002       0.06566948      55.48942627 |
| | |       0.09526365       0.06850202       0.99309230   -5083.80863418 |
errors(dtd) = 890521.080326 pixels

Errors with initial K
| | |      -0.99512206      -0.02709100       0.09485861     212.78918276 |
| R | t | = |       0.03197640      -0.99821879       0.05036629      55.47493983 |
| | |       0.09332518       0.05315385       0.99421581   -5079.13997069 |
errors(dtd) = 890862.294952 pixels

Errors with initial K
| | |      -0.99518934      -0.02804232       0.09387118     213.20732386 |
| R | t | = |       0.03265288      -0.99831609       0.04794556      55.07599067 |
| | |       0.09236861       0.05078008       0.99442920   -5077.37176814 |
errors(dtd) = 890375.191633 pixels

Errors with initial K
| | |      -0.99511596      -0.02670397       0.09503227     213.21284681 |
| R | t | = |       0.03315604      -0.99720358       0.06697532      55.19822655 |
| | |       0.09297801       0.06979910       0.99321859   -5079.82556596 |
errors(dtd) = 889342.961936 pixels

Errors with initial K
| | |      -0.99581659      -0.02742274       0.08716255     213.97289381 |
| R | t | = |       0.03305474      -0.99741241       0.06384253      55.15893208 |
| | |       0.08518628       0.06645658       0.99414628   -5076.61098318 |
errors(dtd) = 888042.275088 pixels

Errors with initial K
| | |      -0.99656111      -0.02705893       0.07831833     214.54309535 |
| R | t | = |       0.03312945      -0.99645888       0.07727965      55.08860987 |
| | |       0.07594989       0.07960854       0.99392862   -5079.91303721 |
errors(dtd) = 886296.373478 pixels

Errors with initial K
| | |      -0.99637750      -0.02811816       0.08025741     215.20176952 |
| R | t | = |       0.03308268      -0.99757629       0.06121346      54.85467631 |
| | |       0.07834168       0.06364684       0.99489279   -5076.12284418 |
errors(dtd) = 884998.885159 pixels

Errors with initial K
| | |      -0.99607728      -0.02816446       0.08388575     215.62444876 |
| R | t | = |       0.03266078      -0.99807511       0.05271943      54.74189540 |
| | |       0.08223946       0.05525240       0.99507982   -5072.35051218 |
errors(dtd) = 883754.319150 pixels

Errors with initial K
| | |      -0.99646554      -0.02756314       0.07935176     215.99024831 |
| R | t | = |       0.03195984      -0.99799223       0.05468161      54.79072408 |
| | |       0.07768525       0.05702441       0.99534578   -5072.96532028 |
errors(dtd) = 882401.637677 pixels

Errors with initial K
| | |      -0.99598042      -0.02630680       0.08562095     215.97970291 |
| R | t | = |       0.03244306      -0.99694258       0.07108402      54.67248321 |
| | |       0.08348918       0.07357610       0.99378877   -5075.95338593 |
errors(dtd) = 881253.703706 pixels

Errors with initial K
| | |      -0.99661748      -0.02693194       0.07764197     216.46130633 |
| R | t | = |       0.03121402      -0.99802707       0.05447609      54.91444815 |
| | |       0.07602164       0.05671534       0.99549188   -5072.85185759 |
errors(dtd) = 880580.378473 pixels

Errors with initial K
| | |      -0.99694769      -0.02732831       0.07313318     216.87174228 |
| R | t | = |       0.03069532      -0.99850089       0.04531857      54.67346194 |
| | |       0.07178506       0.04742509       0.99629201   -5070.42190813 |
errors(dtd) = 879878.856787 pixels

Errors with initial K
| | |      -0.99720253      -0.02745357       0.06952275     217.30676844 |
| R | t | = |       0.03114370      -0.99813188       0.05256254      54.05414977 |
| | |       0.06794984       0.05458070       0.99619464   -5071.61202537 |
errors(dtd) = 878820.362656 pixels

Errors with initial K
| | |      -0.99749840      -0.02878526       0.06456269     217.96953417 |
| R | t | = |       0.03166903      -0.99852519       0.04409658      53.35056495 |
| | |       0.06319814       0.04603090       0.99693889   -5069.28324385 |
errors(dtd) = 877963.285136 pixels

Errors with initial K
| | |      -0.99718184      -0.02958220       0.06894396     218.02349116 |
| R | t | = |       0.03221955      -0.99877856       0.03746058      52.27575136 |
| | |       0.06775158       0.03957635       0.99691697   -5067.28074017 |
errors(dtd) = 878485.035961 pixels

Errors with initial K
| | |      -0.99699628      -0.02962720       0.07155871     217.90681814 |
| R | t | = |       0.03260194      -0.99863667       0.04076662      51.50573164 |
| | |       0.07025335       0.04297713       0.99660295   -5066.64759828 |
errors(dtd) = 879044.589748 pixels

Errors with initial K
| | |      -0.99738804      -0.02965550       0.06586083     217.79956180 |
| R | t | = |       0.03233151      -0.99867871       0.03994389      50.74059176 |
| | |       0.06458925       0.04196894       0.99702901   -5064.56709053 |
errors(dtd) = 879927.230687 pixels

Errors with initial K
| | |      -0.99694536      -0.02866858       0.07265027     217.09918345 |
| R | t | = |       0.03156978      -0.99873627       0.03910513      50.45307817 |
| | |       0.07143737       0.04127923       0.99659055   -5061.50379590 |
errors(dtd) = 881607.938461 pixels

Errors with initial K
| | |      -0.99695618      -0.02776342       0.07285306     216.45424782 |
| R | t | = |       0.03002765      -0.99909364       0.03017017      51.02853745 |
| | |       0.07194941       0.03226595       0.99688625   -5059.85398506 |
errors(dtd) = 883017.565104 pixels

Errors with initial K
| | |      -0.99673138      -0.02602513       0.07648035     215.59974656 |
| R | t | = |       0.02883536      -0.99894028       0.03587265      51.31516461 |
| | |       0.07546572       0.03796074       0.99642557   -5061.31801877 |
errors(dtd) = 884408.214445 pixels

Errors with initial K
| | |      -0.99735097      -0.02384053       0.06872171     214.73241416 |
| R | t | = |       0.02646716      -0.99894353       0.03756746      51.81692226 |
| | |       0.06775348       0.03928681       0.99692829   -5061.43312042 |
errors(dtd) = 886013.981446 pixels

Errors with initial K
| | |      -0.99738441      -0.02093371       0.06918183     213.79549251 |
| R | t | = |       0.02304640      -0.99928770       0.02988240      52.25575281 |
| | |       0.06850700       0.03139863       0.99715642   -5057.81728489 |
errors(dtd) = 887316.817448 pixels

Errors with initial K
| | |      -0.99575210      -0.01683968       0.09052166     212.85145271 |
| R | t | = |       0.01949490      -0.99940286       0.02852860      51.76252065 |
| | |       0.08998720       0.03017212       0.99548578   -5054.58246049 |
errors(dtd) = 887283.110822 pixels

Errors with initial K
| | |      -0.99620176      -0.01293873       0.08610826     213.11214808 |
| R | t | = |       0.01402271      -0.99982972       0.01199556      50.28351273 |
| | |       0.08593839       0.01315747       0.99621357   -5046.47558502 |
errors(dtd) = 885253.085604 pixels

Errors with initial K
| | |      -0.99687297      -0.00961720       0.07843334     215.17969636 |
| R | t | = |       0.00887362      -0.99991238      -0.00982339      46.16422565 |
| | |       0.07852094      -0.00909668       0.99687096   -5036.16065451 |
errors(dtd) = 878928.777497 pixels

Errors with initial K
| | |      -0.99643303      -0.00729642       0.08407122     219.22574143 |
| R | t | = |       0.00413982      -0.99928203      -0.03766003      38.31806218 |
| | |       0.08428564      -0.03717766       0.99574784   -5019.65947796 |
errors(dtd) = 868372.236673 pixels

Errors with initial K
| | |      -0.99677483      -0.00435693       0.08013083     225.01123497 |
| R | t | = |      -0.00175804      -0.99709987      -0.07608393      26.85011906 |
| | |       0.08022994      -0.07597942       0.99387639   -5000.96009695 |
errors(dtd) = 854572.994459 pixels

Errors with initial K
| | |      -0.99786677      -0.00273495       0.06522601     232.96633787 |
| R | t | = |      -0.00610676      -0.99083076      -0.13497081      11.36328421 |
| | |       0.06499708      -0.13508121       0.98870038   -4975.77919731 |
errors(dtd) = 837970.201124 pixels

Errors with initial K
| | |      -0.99855328      -0.00175663       0.05374261     242.37351399 |
| R | t | = |      -0.00874418      -0.98085766      -0.19452964      -6.08243106 |
| | |       0.05305557      -0.19471815       0.97942327   -4951.97440338 |
errors(dtd) = 819132.098376 pixels

Errors with initial K
| | |      -0.99924474       0.00041221       0.03885594     252.35895516 |
| R | t | = |      -0.01006950      -0.96853360      -0.24867907     -23.52549893 |
| | |       0.03753077      -0.24888251       0.96780625   -4935.28247828 |
errors(dtd) = 798505.630922 pixels

Errors with initial K
| | |      -0.95976346       0.07823195      -0.26969216    -178.34437002 |
| R | t | = |      -0.20104431      -0.86194850       0.46543094     172.03107974 |
| | |      -0.19604918       0.50092369       0.84299477   -4658.83900235 |
errors(dtd) = 2620344.835933 pixels

Errors with initial K
| | |      -0.94960651      -0.10192917      -0.29640838     807.16708061 |
| R | t | = |       0.17452964      -0.95743738      -0.22989797      34.19746156 |
| | |      -0.26035915      -0.27004466       0.92697842   -5348.74349078 |
errors(dtd) = 3213.301601 pixels

Errors with initial K
| | |      -0.77372294       0.07310841      -0.62929165    -325.19443568 |
| R | t | = |       0.32486293      -0.80699490      -0.49317675      61.28883416 |
| | |      -0.54389052      -0.58601569       0.60064026   -4494.43544068 |
errors(dtd) = 3065128.738127 pixels

Errors with initial K
| | |      -0.68998000      -0.16557622       0.70463616     580.04626375 |
| R | t | = |      -0.28387671      -0.83359411      -0.47385110      97.98903185 |
| | |       0.66583903      -0.52697758       0.52816003   -4849.91648089 |
errors(dtd) = 77420.589139 pixels

Errors with initial K
| | |      -0.96044542      -0.22025534       0.17038831    -331.96047970 |
| R | t | = |       0.24658005      -0.95699269       0.15285046     -19.70175352 |
| | |       0.12939424       0.18881888       0.97344982   -6931.08255594 |
errors(dtd) = 2627353.925339 pixels

Errors with initial K
| | |      -0.98015828      -0.19522114       0.03432849     774.20116812 |
| R | t | = |       0.19475408      -0.91625666       0.35006369      45.17869824 |
| | |      -0.03688613       0.34980344       0.93609667   -4791.59838822 |
errors(dtd) = 374.921974 pixels

Refinement : 0
| | |      -0.98198228      -0.18553198       0.03589826     290.68567270 |
| R | t | = |       0.18517649      -0.90684520       0.37860462      37.44573132 |
| | |      -0.03768910       0.37843054       0.92486208   -4981.37988997 |
errors(dtd) = 750578.102579 pixels

Refinement : 1
| | |      -0.98197843      -0.18555623       0.03587825     290.90688398 |
| R | t | = |       0.18520242      -0.90695355       0.37833228      36.97353907 |
| | |      -0.03766200       0.37815888       0.92497429   -4977.80427879 |
errors(dtd) = 750041.395863 pixels

Refinement : 2
| | |      -0.98197669      -0.18556673       0.03587150     291.25960516 |
| R | t | = |       0.18521367      -0.90699320       0.37823171      36.58016004 |
| | |      -0.03765201       0.37805862       0.92501568   -4976.48459345 |
errors(dtd) = 749030.184455 pixels

Refinement : 3
| | |      -0.98197945      -0.18555030       0.03588094     291.30061931 |
| R | t | = |       0.18519604      -0.90693524       0.37837930      37.30407455 |
| | |      -0.03766671       0.37820571       0.92495495   -4978.42039944 |
errors(dtd) = 748834.925609 pixels

Refinement : 4
| | |      -0.98197700      -0.18556594       0.03586730     292.02857286 |
| R | t | = |       0.18521276      -0.90700788       0.37819697      37.07019769 |
| | |      -0.03764855       0.37802381       0.92503005   -4976.02629124 |
errors(dtd) = 746733.506457 pixels

Refinement : 5
| | |      -0.98198008      -0.18554668       0.03588251     292.48710536 |
| R | t | = |       0.18519216      -0.90692447       0.37840702      37.51380660 |
| | |      -0.03766944       0.37823332       0.92494355   -4978.78398647 |
errors(dtd) = 745261.704136 pixels

Refinement : 6
| | |      -0.98197600      -0.18557132       0.03586677     293.01237305 |
| R | t | = |       0.18521857      -0.90701735       0.37817141      36.58458869 |
| | |      -0.03764599       0.37799844       0.92504052   -4975.69271443 |
errors(dtd) = 743797.735994 pixels

Refinement : 7
| | |      -0.98197290      -0.18559096       0.03584987     293.33686949 |
| R | t | = |       0.18523955      -0.90710745       0.37794496      36.26424147 |
| | |      -0.03762348       0.37777252       0.92513372   -4972.71895671 |
errors(dtd) = 742930.168893 pixels

Refinement : 8
| | |      -0.98197332      -0.18558819       0.03585282     293.58395042 |
| R | t | = |       0.18523661      -0.90709268       0.37798183      36.25457336 |
| | |      -0.03762713       0.37780933       0.92511854   -4973.20362276 |
errors(dtd) = 742173.699937 pixels

Refinement : 9
| | |      -0.98197646      -0.18556917       0.03586513     293.73794154 |
| R | t | = |       0.18521621      -0.90702033       0.37816540      36.95655837 |
| | |      -0.03764544       0.37799233       0.92504304   -4975.61173493 |
errors(dtd) = 741625.960403 pixels

Refinement : 10
| | |      -0.98197331      -0.18558838       0.03585207     293.93668774 |
| R | t | = |       0.18523681      -0.90709580       0.37797426      36.30941454 |
| | |      -0.03762637       0.37780175       0.92512166   -4973.10400608 |
errors(dtd) = 741120.721050 pixels

Refinement : 11
| | |      -0.98197057      -0.18560474       0.03584233     293.97283382 |
| R | t | = |       0.18525435      -0.90715470       0.37782426      35.62099342 |
| | |      -0.03761143       0.37765225       0.92518331   -4971.13648173 |
errors(dtd) = 741087.568944 pixels

Refinement : 12
| | |      -0.98197110      -0.18560057       0.03584953     294.35991939 |
| R | t | = |       0.18524993      -0.90712207       0.37790477      35.33747657 |
| | |      -0.03761944       0.37773269       0.92515015   -4972.19526543 |
errors(dtd) = 739898.075361 pixels

Refinement : 13
| | |      -0.98196783      -0.18561945       0.03584140     294.51608898 |
| R | t | = |       0.18527021      -0.90717837       0.37775964      34.23849668 |
| | |      -0.03760500       0.37758816       0.92520973   -4970.29328606 |
errors(dtd) = 739517.379920 pixels

Refinement : 14
| | |      -0.98196502      -0.18563552       0.03583513     294.63887202 |
| R | t | = |       0.18528744      -0.90722355       0.37764268      33.23598779 |
| | |      -0.03759342       0.37747170       0.92525772   -4968.76008099 |
errors(dtd) = 739229.598482 pixels

Refinement : 15
| | |      -0.98196404      -0.18564089       0.03583410     294.72807719 |
| R | t | = |       0.18529321      -0.90723459       0.37761333      32.79584879 |
| | |      -0.03759054       0.37744253       0.92526974   -4968.37585526 |
errors(dtd) = 738990.065420 pixels

Refinement : 16
| | |      -0.98196148      -0.18565581       0.03582697     294.37267975 |
| R | t | = |       0.18530921      -0.90728160       0.37749251      31.99410130 |
| | |      -0.03757853       0.37732217       0.92531931   -4966.79183430 |
errors(dtd) = 740137.243251 pixels

Refinement : 17
| | |      -0.98195959      -0.18566843       0.03581329     294.07053889 |
| R | t | = |       0.18532264      -0.90734965       0.37732231      32.05615229 |
| | |      -0.03756166       0.37715228       0.92538926   -4964.55500853 |
errors(dtd) = 741117.541362 pixels

Refinement : 18
| | |      -0.98195909      -0.18567278       0.03580440     293.34404902 |
| R | t | = |       0.18532721      -0.90738872       0.37722610      32.48425404 |
| | |      -0.03755211       0.37705613       0.92542883   -4963.28920652 |
errors(dtd) = 743325.105814 pixels

Refinement : 19
| | |      -0.98196068      -0.18566331       0.03580993     292.83101760 |
| R | t | = |       0.18531706      -0.90735520       0.37731172      32.89722298 |
| | |      -0.03756061       0.37714147       0.92539371   -4964.41239148 |
errors(dtd) = 744811.826489 pixels

Refinement : 20
| | |      -0.98196086      -0.18566248       0.03580934     291.80548874 |
| R | t | = |       0.18531618      -0.90735649       0.37730903      33.04111784 |
| | |      -0.03756030       0.37713875       0.92539483   -4964.37706238 |
errors(dtd) = 747893.220405 pixels

Refinement : 21
| | |      -0.98195915      -0.18567496       0.03579169     290.88826693 |
| R | t | = |       0.18532942      -0.90743925       0.37710345      33.50402118 |
| | |      -0.03753989       0.37693344       0.92547930   -4961.67413085 |
errors(dtd) = 750742.357078 pixels

Refinement : 22
| | |      -0.98195868      -0.18568027       0.03577702     290.64741563 |
| R | t | = |       0.18533492      -0.90750072       0.37695279      34.39107657 |
| | |      -0.03752502       0.37678279       0.92554125   -4959.68985400 |
errors(dtd) = 751517.818985 pixels

Refinement : 23
| | |      -0.98195261      -0.18571872       0.03574394     290.48116870 |
| R | t | = |       0.18537593      -0.90767595       0.37651047      33.74114872 |
| | |      -0.03748113       0.37634150       0.92572255   -4953.88052046 |
errors(dtd) = 752253.990581 pixels

Refinement : 24
| | |      -0.98194200      -0.18578204       0.03570645     291.62706117 |
| R | t | = |       0.18544367      -0.90790061       0.37593501      31.00746973 |
| | |      -0.03742407       0.37576791       0.92595784   -4946.32960552 |
errors(dtd) = 749179.451596 pixels

Refinement : 25
| | |      -0.98192149      -0.18590143       0.03564891     295.86884852 |
| R | t | = |       0.18557154      -0.90827422       0.37496818      24.55336424 |
| | |      -0.03732813       0.37480474       0.92635199   -4933.65122888 |
errors(dtd) = 737320.991474 pixels

Refinement : 26
| | |      -0.98189498      -0.18605135       0.03559704     302.74713470 |
| R | t | = |       0.18573225      -0.90866538       0.37393951      14.42972579 |
| | |      -0.03722616       0.37378085       0.92676971   -4920.17348039 |
errors(dtd) = 718540.567266 pixels

Refinement : 27
| | |      -0.98186104      -0.18624319       0.03552983     304.52548123 |
| R | t | = |       0.18593772      -0.90916567       0.37261904       1.48993627 |
| | |      -0.03709526       0.37246646       0.92730399   -4902.87170549 |
errors(dtd) = 716609.952712 pixels

Refinement : 28
| | |      -0.98182464      -0.18644568       0.03547359     308.55259599 |
| R | t | = |       0.18615461      -0.90963583       0.37136116     -13.65459665 |
| | |      -0.03697064       0.37121511       0.92781060   -4886.39991461 |
errors(dtd) = 709998.302105 pixels

Refinement : 29
| | |      -0.98179357      -0.18661400       0.03544856     316.18440530 |
| R | t | = |       0.18633506      -0.90994456       0.37051335     -28.36944980 |
| | |      -0.03688676       0.37037293       0.92815045   -4875.31418657 |
errors(dtd) = 694099.696191 pixels

Refinement : 30
| | |      -0.98187183      -0.18653501       0.03365124     -34.89100948 |
| R | t | = |       0.18623215      -0.91632741       0.35448789     148.30159467 |
| | |      -0.03528884       0.35432862       0.93445488   -4664.11870634 |
errors(dtd) = 2216165.611037 pixels

Refinement : 31
| | |      -0.94960651      -0.10192917      -0.29640838     807.16708061 |
| R | t | = |       0.17452964      -0.95743738      -0.22989797      34.19746156 |
| | |      -0.26035915      -0.27004466       0.92697842   -5348.74349078 |
errors(dtd) = 2939.261544 pixels

Refinement : 32
| | |      -0.98160736      -0.18797972       0.03332601    -182.22439407 |
| R | t | = |       0.18776994      -0.91909834       0.34641115      26.49181798 |
| | |      -0.03448839       0.34629736       0.93749063   -4558.40713152 |
errors(dtd) = 3147391.244955 pixels

Refinement : 33
| | |      -0.98186787      -0.18634972       0.03477464     619.57515277 |
| R | t | = |       0.18604365      -0.91206689       0.36540627      62.63747949 |
| | |      -0.03637656       0.36525028       0.93019836   -4807.88340222 |
errors(dtd) = 79903.987834 pixels

Refinement : 34
| | |      -0.98382893      -0.17316933       0.04574961    -230.44803461 |
| R | t | = |       0.17148667      -0.83697577       0.51967671     -37.87145384 |
| | |      -0.05170075       0.51911843       0.85313721   -6833.29023501 |
errors(dtd) = 2250813.854967 pixels

Refinement : 35
| | |      -0.98179211      -0.18678665       0.03456863     770.69861623 |
| R | t | = |       0.18650967      -0.91335112       0.36194457      37.12700145 |
| | |      -0.03603311       0.36180171       0.93155845   -4762.48898403 |
errors(dtd) = 8.495524 pixels

Improvement = ( sum of initial errors ) / (sum of refined errors)= 32398103146989732094323680898500273707816100471132008733572988570545111577620799273172647271977266285943394605220849246051719669105878743208493428314692232348506577442736276857121245641898992461314256039634272256.000000.
